      207	2023-11-01 05:35:45	1	5	1	0
      206	2023-11-01 05:50:00	1	5	1	0
      208	2023-11-01 06:40:11	1	5	1	0
      209	2023-11-01 06:49:29	1	5	1	0
      279	2023-11-01 07:14:51	1	5	1	0
      216	2023-11-01 07:27:47	1	5	15	0
      241	2023-11-01 07:28:25	1	5	1	0
      237	2023-11-01 07:33:30	1	5	1	0
      280	2023-11-01 07:39:06	1	5	1	0
      215	2023-11-01 07:39:11	1	5	1	0
      262	2023-11-01 07:41:32	1	5	1	0
      221	2023-11-01 07:42:35	1	5	1	0
      219	2023-11-01 07:44:26	1	5	1	0
      247	2023-11-01 07:45:29	1	5	1	0
      236	2023-11-01 07:46:48	1	5	1	0
      265	2023-11-01 07:47:20	1	5	1	0
      264	2023-11-01 07:47:58	1	5	1	0
      246	2023-11-01 07:48:49	1	5	1	0
      244	2023-11-01 07:49:32	1	5	1	0
      281	2023-11-01 07:54:02	1	5	1	0
      220	2023-11-01 07:59:29	1	5	1	0
      263	2023-11-01 08:01:57	1	5	1	0
      266	2023-11-01 08:02:07	1	5	1	0
      224	2023-11-01 08:02:21	1	5	1	0
      234	2023-11-01 08:02:37	1	5	1	0
      274	2023-11-01 08:02:42	1	5	1	0
      245	2023-11-01 08:02:57	1	5	1	0
      245	2023-11-01 08:02:58	1	5	1	0
      242	2023-11-01 08:03:00	1	5	1	0
      273	2023-11-01 08:03:06	1	5	1	0
      249	2023-11-01 08:03:12	1	5	1	0
      256	2023-11-01 08:03:15	1	5	1	0
      277	2023-11-01 08:03:20	1	5	1	0
      238	2023-11-01 08:03:25	1	5	1	0
      267	2023-11-01 08:03:28	1	5	1	0
      268	2023-11-01 08:03:38	1	5	1	0
      269	2023-11-01 08:04:09	1	5	1	0
      258	2023-11-01 08:05:25	1	5	1	0
      222	2023-11-01 08:05:33	1	5	1	0
      270	2023-11-01 08:05:50	1	5	1	0
      259	2023-11-01 08:06:19	1	5	1	0
      260	2023-11-01 08:06:33	1	5	1	0
      248	2023-11-01 08:06:56	1	5	1	0
      255	2023-11-01 08:07:15	1	5	1	0
      250	2023-11-01 08:07:31	1	5	1	0
      243	2023-11-01 08:07:46	1	5	1	0
      214	2023-11-01 08:08:04	1	5	1	0
      276	2023-11-01 08:08:41	1	5	1	0
      271	2023-11-01 08:09:27	1	5	1	0
      233	2023-11-01 08:12:15	1	5	1	0
      232	2023-11-01 08:12:53	1	5	1	0
      229	2023-11-01 08:19:36	1	5	1	0
      205	2023-11-01 08:20:00	1	5	1	0
      205	2023-11-01 08:20:01	1	5	1	0
      211	2023-11-01 08:20:09	1	5	1	0
      210	2023-11-01 08:21:16	1	5	1	0
      254	2023-11-01 08:34:53	1	5	1	0
      251	2023-11-01 08:34:56	1	5	1	0
      252	2023-11-01 08:34:58	1	5	1	0
      252	2023-11-01 08:35:00	1	5	1	0
      275	2023-11-01 08:36:14	1	5	1	0
      278	2023-11-01 08:36:38	1	5	1	0
      228	2023-11-01 08:59:59	1	5	1	0
      225	2023-11-01 09:00:10	1	5	1	0
      261	2023-11-01 09:11:46	1	5	1	0
      235	2023-11-01 09:13:12	1	5	1	0
      279	2023-11-01 13:18:48	1	5	1	0
      277	2023-11-01 13:27:28	1	5	1	0
      209	2023-11-01 13:54:01	1	5	1	0
      224	2023-11-01 13:58:33	1	5	1	0
      206	2023-11-01 14:00:10	1	5	1	0
      207	2023-11-01 14:00:21	1	5	1	0
      208	2023-11-01 14:08:25	1	5	1	0
      234	2023-11-01 14:42:50	1	5	1	0
      229	2023-11-01 14:55:36	1	5	1	0
      261	2023-11-01 15:31:14	1	5	1	0
      278	2023-11-01 15:32:34	1	5	1	0
      275	2023-11-01 15:35:40	1	5	1	0
      255	2023-11-01 15:36:20	1	5	1	0
      268	2023-11-01 15:36:29	1	5	1	0
      269	2023-11-01 15:36:31	1	5	1	0
      252	2023-11-01 15:36:53	1	5	1	0
      246	2023-11-01 15:36:58	1	5	1	0
      251	2023-11-01 15:37:29	1	5	1	0
      254	2023-11-01 15:37:31	1	5	1	0
      266	2023-11-01 15:37:45	1	5	1	0
      276	2023-11-01 15:37:56	1	5	1	0
      260	2023-11-01 15:38:06	1	5	1	0
      280	2023-11-01 15:38:08	1	5	1	0
      281	2023-11-01 15:38:27	1	5	1	0
      215	2023-11-01 15:39:05	1	5	1	0
      233	2023-11-01 15:39:11	1	5	1	0
      256	2023-11-01 15:39:21	1	5	1	0
      257	2023-11-01 15:40:15	1	5	1	0
      258	2023-11-01 15:40:32	1	5	1	0
      248	2023-11-01 15:42:16	1	5	1	0
      241	2023-11-01 15:42:20	1	5	1	0
      259	2023-11-01 15:42:33	1	5	1	0
      242	2023-11-01 15:45:31	1	5	1	0
      273	2023-11-01 15:47:38	1	5	1	0
      239	2023-11-01 15:49:02	1	5	15	0
      239	2023-11-01 15:49:04	1	5	1	0
      239	2023-11-01 15:49:05	1	5	15	0
      274	2023-11-01 15:49:21	1	5	1	0
      238	2023-11-01 15:49:46	1	5	1	0
      216	2023-11-01 15:51:04	1	5	15	0
      267	2023-11-01 15:51:13	1	5	1	0
      262	2023-11-01 15:53:19	1	5	1	0
      205	2023-11-01 15:54:24	1	5	1	0
      225	2023-11-01 15:54:33	1	5	1	0
      232	2023-11-01 15:58:42	1	5	1	0
      245	2023-11-01 15:59:02	1	5	1	0
      211	2023-11-01 15:59:31	1	5	1	0
      271	2023-11-01 16:00:06	1	5	1	0
      236	2023-11-01 16:00:46	1	5	1	0
      265	2023-11-01 16:00:55	1	5	1	0
      264	2023-11-01 16:01:05	1	5	1	0
      243	2023-11-01 16:01:08	1	5	1	0
      270	2023-11-01 16:03:54	1	5	1	0
      222	2023-11-01 16:03:57	1	5	1	0
      263	2023-11-01 16:04:10	1	5	1	0
      220	2023-11-01 16:09:27	1	5	1	0
      235	2023-11-01 16:19:39	1	5	1	0
      235	2023-11-01 16:19:42	1	5	1	0
      214	2023-11-01 16:26:10	1	5	1	0
      207	2023-11-02 05:34:44	1	5	1	0
      206	2023-11-02 05:45:47	1	5	1	0
      239	2023-11-02 06:19:50	1	5	1	0
      209	2023-11-02 06:50:10	1	5	1	0
      279	2023-11-02 07:20:23	1	5	1	0
      208	2023-11-02 07:21:46	1	5	1	0
      241	2023-11-02 07:22:19	1	5	1	0
      216	2023-11-02 07:24:34	1	5	15	0
      257	2023-11-02 07:26:00	1	5	1	0
      267	2023-11-02 07:27:20	1	5	1	0
      280	2023-11-02 07:39:25	1	5	1	0
      215	2023-11-02 07:39:46	1	5	1	0
      219	2023-11-02 07:39:59	1	5	1	0
      262	2023-11-02 07:40:04	1	5	1	0
      236	2023-11-02 07:40:10	1	5	1	0
      264	2023-11-02 07:40:25	1	5	1	0
      265	2023-11-02 07:40:32	1	5	1	0
      269	2023-11-02 07:51:11	1	5	1	0
      268	2023-11-02 07:51:16	1	5	1	0
      238	2023-11-02 07:52:11	1	5	1	0
      263	2023-11-02 07:52:36	1	5	1	0
      281	2023-11-02 07:54:53	1	5	1	0
      246	2023-11-02 07:55:12	1	5	1	0
      224	2023-11-02 07:55:47	1	5	1	0
      245	2023-11-02 07:55:52	1	5	1	0
      220	2023-11-02 07:56:21	1	5	1	0
      260	2023-11-02 07:57:23	1	5	1	0
      234	2023-11-02 07:57:26	1	5	1	0
      234	2023-11-02 07:57:28	1	5	1	0
      255	2023-11-02 07:57:40	1	5	1	0
      274	2023-11-02 07:58:17	1	5	1	0
      273	2023-11-02 07:58:22	1	5	1	0
      214	2023-11-02 07:58:34	1	5	1	0
      243	2023-11-02 07:58:35	1	5	1	0
      252	2023-11-02 07:59:03	1	5	1	0
      254	2023-11-02 07:59:20	1	5	1	0
      256	2023-11-02 07:59:25	1	5	1	0
      271	2023-11-02 07:59:37	1	5	1	0
      251	2023-11-02 07:59:41	1	5	1	0
      242	2023-11-02 07:59:46	1	5	1	0
      249	2023-11-02 08:00:00	1	5	1	0
      277	2023-11-02 08:00:18	1	5	1	0
      250	2023-11-02 08:00:25	1	5	1	0
      259	2023-11-02 08:01:21	1	5	1	0
      248	2023-11-02 08:01:28	1	5	1	0
      258	2023-11-02 08:02:46	1	5	1	0
      266	2023-11-02 08:07:22	1	5	1	0
      270	2023-11-02 08:08:23	1	5	1	0
      233	2023-11-02 08:08:42	1	5	1	0
      222	2023-11-02 08:15:38	1	5	1	0
      211	2023-11-02 08:20:04	1	5	1	0
      205	2023-11-02 08:20:32	1	5	1	0
      205	2023-11-02 08:20:33	1	5	1	0
      223	2023-11-02 08:30:31	1	5	1	0
      278	2023-11-02 08:34:23	1	5	1	0
      229	2023-11-02 08:34:44	1	5	1	0
      210	2023-11-02 08:35:58	1	5	1	0
      261	2023-11-02 08:36:22	1	5	1	0
      276	2023-11-02 08:37:18	1	5	1	0
      275	2023-11-02 08:37:37	1	5	1	0
      235	2023-11-02 09:27:24	1	5	1	0
      227	2023-11-02 09:30:47	1	5	1	0
      225	2023-11-02 09:40:29	1	5	1	0
      228	2023-11-02 09:47:02	1	5	15	0
      228	2023-11-02 09:47:04	1	5	1	0
      267	2023-11-02 11:55:27	1	5	1	0
      279	2023-11-02 13:24:37	1	5	1	0
      277	2023-11-02 13:34:03	1	5	1	0
      207	2023-11-02 14:01:17	1	5	1	0
      206	2023-11-02 14:14:42	1	5	1	0
      209	2023-11-02 14:15:44	1	5	1	0
      208	2023-11-02 14:18:03	1	5	1	0
      243	2023-11-02 14:34:01	1	5	1	0
      224	2023-11-02 14:34:06	1	5	1	0
      234	2023-11-02 14:37:41	1	5	1	0
      229	2023-11-02 14:38:38	1	5	1	0
      229	2023-11-02 14:38:39	1	5	1	0
      262	2023-11-02 14:43:01	1	5	1	0
      273	2023-11-02 14:50:18	1	5	1	0
      248	2023-11-02 14:54:08	1	5	1	0
      210	2023-11-02 14:58:00	1	5	1	0
      276	2023-11-02 15:23:00	1	5	1	0
      275	2023-11-02 15:24:00	1	5	1	0
      278	2023-11-02 15:26:42	1	5	1	0
      261	2023-11-02 15:27:12	1	5	1	0
      255	2023-11-02 15:27:38	1	5	1	0
      246	2023-11-02 15:27:47	1	5	1	0
      246	2023-11-02 15:27:53	1	5	1	0
      252	2023-11-02 15:27:58	1	5	1	0
      260	2023-11-02 15:28:04	1	5	1	0
      254	2023-11-02 15:30:20	1	5	1	0
      251	2023-11-02 15:30:22	1	5	1	0
      266	2023-11-02 15:30:30	1	5	1	0
      241	2023-11-02 15:35:26	1	5	1	0
      247	2023-11-02 15:36:05	1	5	1	0
      281	2023-11-02 15:36:12	1	5	1	0
      258	2023-11-02 15:36:18	1	5	1	0
      268	2023-11-02 15:36:51	1	5	1	0
      269	2023-11-02 15:36:56	1	5	1	0
      245	2023-11-02 15:39:43	1	5	1	0
      280	2023-11-02 15:40:33	1	5	1	0
      237	2023-11-02 15:45:36	1	5	1	0
      242	2023-11-02 15:45:40	1	5	1	0
      215	2023-11-02 15:47:48	1	5	1	0
      244	2023-11-02 15:47:55	1	5	1	0
      256	2023-11-02 15:48:27	1	5	1	0
      238	2023-11-02 15:48:52	1	5	1	0
      216	2023-11-02 15:49:41	1	5	15	0
      236	2023-11-02 15:50:06	1	5	1	0
      264	2023-11-02 15:50:18	1	5	1	0
      265	2023-11-02 15:50:22	1	5	1	0
      235	2023-11-02 15:51:56	1	5	1	0
      274	2023-11-02 15:52:14	1	5	1	0
      222	2023-11-02 15:59:18	1	5	1	0
      220	2023-11-02 15:59:38	1	5	1	0
      233	2023-11-02 15:59:58	1	5	1	0
      263	2023-11-02 16:00:09	1	5	1	0
      270	2023-11-02 16:04:24	1	5	1	0
      205	2023-11-02 16:06:04	1	5	1	0
      205	2023-11-02 16:06:05	1	5	1	0
      211	2023-11-02 16:06:07	1	5	1	0
      271	2023-11-02 16:06:16	1	5	1	0
      223	2023-11-02 16:13:41	1	5	1	0
      207	2023-11-03 05:36:28	1	5	1	0
      206	2023-11-03 05:47:21	1	5	1	0
      208	2023-11-03 06:42:30	1	5	1	0
      209	2023-11-03 07:03:17	1	5	1	0
      241	2023-11-03 07:16:04	1	5	1	0
      279	2023-11-03 07:17:57	1	5	1	0
      216	2023-11-03 07:26:26	1	5	15	0
      237	2023-11-03 07:27:58	1	5	1	0
      236	2023-11-03 07:39:31	1	5	1	0
      264	2023-11-03 07:39:41	1	5	1	0
      265	2023-11-03 07:40:12	1	5	1	0
      280	2023-11-03 07:40:27	1	5	1	0
      215	2023-11-03 07:40:29	1	5	1	0
      221	2023-11-03 07:41:29	1	5	1	0
      256	2023-11-03 07:44:17	1	5	1	0
      267	2023-11-03 07:45:25	1	5	1	0
      268	2023-11-03 07:45:29	1	5	1	0
      281	2023-11-03 07:47:39	1	5	1	0
      247	2023-11-03 07:48:17	1	5	1	0
      263	2023-11-03 07:49:14	1	5	1	0
      220	2023-11-03 07:52:56	1	5	1	0
      251	2023-11-03 07:53:06	1	5	1	0
      254	2023-11-03 07:53:11	1	5	1	0
      252	2023-11-03 07:53:19	1	5	1	0
      245	2023-11-03 07:54:02	1	5	1	0
      274	2023-11-03 07:55:31	1	5	1	0
      242	2023-11-03 07:55:49	1	5	1	0
      277	2023-11-03 07:55:54	1	5	1	0
      250	2023-11-03 07:56:45	1	5	1	0
      238	2023-11-03 07:57:43	1	5	1	0
      273	2023-11-03 07:58:26	1	5	1	0
      249	2023-11-03 07:58:45	1	5	1	0
      224	2023-11-03 07:59:02	1	5	1	0
      269	2023-11-03 07:59:46	1	5	1	0
      244	2023-11-03 08:02:33	1	5	1	0
      271	2023-11-03 08:02:43	1	5	1	0
      260	2023-11-03 08:04:43	1	5	1	0
      255	2023-11-03 08:04:55	1	5	1	0
      246	2023-11-03 08:05:46	1	5	1	0
      222	2023-11-03 08:05:52	1	5	1	0
      266	2023-11-03 08:08:40	1	5	1	0
      275	2023-11-03 08:08:46	1	5	1	0
      214	2023-11-03 08:11:03	1	5	1	0
      243	2023-11-03 08:11:19	1	5	1	0
      270	2023-11-03 08:13:00	1	5	1	0
      259	2023-11-03 08:13:43	1	5	1	0
      233	2023-11-03 08:14:05	1	5	1	0
      248	2023-11-03 08:14:12	1	5	1	0
      205	2023-11-03 08:16:13	1	5	1	0
      211	2023-11-03 08:16:39	1	5	1	0
      229	2023-11-03 08:23:38	1	5	1	0
      210	2023-11-03 08:38:13	1	5	1	0
      276	2023-11-03 08:41:48	1	5	1	0
      261	2023-11-03 08:41:56	1	5	1	0
      278	2023-11-03 08:42:03	1	5	1	0
      223	2023-11-03 08:48:42	1	5	1	0
      225	2023-11-03 09:01:38	1	5	1	0
      219	2023-11-03 09:08:03	1	5	1	0
      219	2023-11-03 09:08:05	1	5	1	0
      235	2023-11-03 09:21:32	1	5	1	0
      226	2023-11-03 10:07:25	1	5	1	0
      244	2023-11-03 11:05:29	1	5	1	0
      267	2023-11-03 12:04:04	1	5	1	0
      279	2023-11-03 13:10:07	1	5	1	0
      229	2023-11-03 13:16:38	1	5	1	0
      224	2023-11-03 13:23:16	1	5	1	0
      268	2023-11-03 13:38:11	1	5	1	0
      269	2023-11-03 13:38:14	1	5	1	0
      209	2023-11-03 13:58:30	1	5	1	0
      207	2023-11-03 14:00:43	1	5	1	0
      206	2023-11-03 14:00:48	1	5	1	0
      208	2023-11-03 14:07:12	1	5	1	0
      273	2023-11-03 14:33:13	1	5	1	0
      238	2023-11-03 14:45:20	1	5	1	0
      276	2023-11-03 15:13:22	1	5	1	0
      275	2023-11-03 15:13:27	1	5	1	0
      278	2023-11-03 15:13:57	1	5	1	0
      233	2023-11-03 15:28:42	1	5	1	0
      233	2023-11-03 15:28:44	1	5	1	0
      242	2023-11-03 15:28:54	1	5	1	0
      266	2023-11-03 15:30:27	1	5	1	0
      246	2023-11-03 15:30:37	1	5	1	0
      260	2023-11-03 15:30:40	1	5	1	0
      252	2023-11-03 15:30:47	1	5	1	0
      251	2023-11-03 15:30:50	1	5	1	0
      254	2023-11-03 15:32:29	1	5	1	0
      241	2023-11-03 15:32:35	1	5	1	0
      241	2023-11-03 15:32:37	1	5	15	0
      261	2023-11-03 15:33:45	1	5	1	0
      255	2023-11-03 15:34:04	1	5	1	0
      226	2023-11-03 15:34:21	1	5	1	0
      225	2023-11-03 15:34:35	1	5	1	0
      256	2023-11-03 15:35:26	1	5	1	0
      214	2023-11-03 15:35:29	1	5	1	0
      263	2023-11-03 15:35:40	1	5	1	0
      221	2023-11-03 15:35:44	1	5	1	0
      281	2023-11-03 15:35:56	1	5	1	0
      220	2023-11-03 15:37:57	1	5	1	0
      239	2023-11-03 15:42:54	1	5	1	0
      239	2023-11-03 15:42:56	1	5	15	0
      257	2023-11-03 15:48:15	1	5	1	0
      216	2023-11-03 15:50:47	1	5	15	0
      222	2023-11-03 15:50:50	1	5	1	0
      277	2023-11-03 15:51:48	1	5	1	0
      215	2023-11-03 15:52:01	1	5	1	0
      274	2023-11-03 15:56:09	1	5	1	0
      264	2023-11-03 15:58:56	1	5	1	0
      236	2023-11-03 15:59:03	1	5	1	0
      265	2023-11-03 15:59:10	1	5	1	0
      245	2023-11-03 16:02:07	1	5	1	0
      211	2023-11-03 16:02:23	1	5	1	0
      205	2023-11-03 16:02:30	1	5	1	0
      270	2023-11-03 16:05:21	1	5	1	0
      235	2023-11-03 16:09:35	1	5	1	0
      271	2023-11-03 16:11:17	1	5	1	0
      239	2023-11-04 06:34:31	1	5	1	0
      240	2023-11-04 07:38:36	1	5	1	0
      257	2023-11-04 07:38:45	1	5	1	0
      245	2023-11-04 07:46:40	1	5	1	0
      258	2023-11-04 08:28:09	1	5	1	0
      258	2023-11-04 15:34:17	1	5	1	0
      247	2023-11-04 15:45:34	1	5	1	0
      240	2023-11-04 15:49:37	1	5	1	0
      245	2023-11-04 15:50:05	1	5	1	0
      237	2023-11-04 15:54:28	1	5	1	0
      240	2023-11-05 07:43:34	1	5	1	0
      237	2023-11-05 07:45:05	1	5	1	0
      247	2023-11-05 07:51:45	1	5	1	0
      245	2023-11-05 07:58:20	1	5	1	0
      240	2023-11-05 15:27:48	1	5	1	0
      257	2023-11-05 15:27:51	1	5	1	0
      245	2023-11-05 16:00:53	1	5	1	0
      209	2023-11-05 16:55:24	1	5	1	0
      207	2023-11-06 05:45:11	1	5	1	0
      206	2023-11-06 06:11:38	1	5	1	0
      208	2023-11-06 06:50:54	1	5	1	0
      279	2023-11-06 07:18:06	1	5	1	0
      216	2023-11-06 07:29:33	1	5	15	0
      216	2023-11-06 07:29:35	1	5	15	0
      236	2023-11-06 07:38:41	1	5	1	0
      264	2023-11-06 07:38:46	1	5	1	0
      265	2023-11-06 07:38:58	1	5	1	0
      280	2023-11-06 07:39:39	1	5	1	0
      215	2023-11-06 07:40:20	1	5	1	0
      267	2023-11-06 07:40:30	1	5	1	0
      281	2023-11-06 07:43:04	1	5	1	0
      257	2023-11-06 07:44:18	1	5	1	0
      221	2023-11-06 07:50:23	1	5	1	0
      262	2023-11-06 07:50:44	1	5	1	0
      269	2023-11-06 07:53:46	1	5	1	0
      268	2023-11-06 07:54:00	1	5	1	0
      273	2023-11-06 07:56:29	1	5	1	0
      237	2023-11-06 07:56:53	1	5	1	0
      277	2023-11-06 07:57:44	1	5	1	0
      258	2023-11-06 07:58:19	1	5	1	0
      271	2023-11-06 07:59:34	1	5	1	0
      256	2023-11-06 07:59:53	1	5	1	0
      250	2023-11-06 08:00:02	1	5	1	0
      263	2023-11-06 08:00:42	1	5	1	0
      242	2023-11-06 08:01:36	1	5	1	0
      246	2023-11-06 08:01:45	1	5	1	0
      260	2023-11-06 08:02:27	1	5	1	0
      255	2023-11-06 08:02:39	1	5	1	0
      220	2023-11-06 08:03:03	1	5	1	0
      252	2023-11-06 08:04:59	1	5	1	0
      254	2023-11-06 08:05:05	1	5	1	0
      251	2023-11-06 08:05:10	1	5	1	0
      248	2023-11-06 08:05:18	1	5	1	0
      270	2023-11-06 08:08:39	1	5	1	0
      234	2023-11-06 08:10:16	1	5	1	0
      243	2023-11-06 08:11:03	1	5	1	0
      214	2023-11-06 08:11:11	1	5	1	0
      266	2023-11-06 08:11:24	1	5	1	0
      222	2023-11-06 08:12:01	1	5	1	0
      232	2023-11-06 08:13:23	1	5	1	0
      232	2023-11-06 08:13:25	1	5	1	0
      205	2023-11-06 08:18:05	1	5	1	0
      205	2023-11-06 08:18:06	1	5	1	0
      211	2023-11-06 08:18:09	1	5	1	0
      219	2023-11-06 08:23:13	1	5	1	0
      223	2023-11-06 08:37:03	1	5	1	0
      247	2023-11-06 08:42:18	1	5	1	0
      275	2023-11-06 08:46:11	1	5	1	0
      276	2023-11-06 08:46:16	1	5	1	0
      278	2023-11-06 08:46:29	1	5	1	0
      229	2023-11-06 08:52:23	1	5	1	0
      210	2023-11-06 08:53:02	1	5	1	0
      225	2023-11-06 08:57:13	1	5	1	0
      228	2023-11-06 08:57:18	1	5	1	0
      274	2023-11-06 08:59:42	1	5	1	0
      261	2023-11-06 09:01:09	1	5	1	0
      235	2023-11-06 09:09:05	1	5	1	0
      226	2023-11-06 09:57:42	1	5	1	0
      226	2023-11-06 09:57:43	1	5	1	0
      206	2023-11-06 12:27:30	1	5	1	0
      209	2023-11-06 13:17:57	1	5	1	0
      279	2023-11-06 13:18:58	1	5	1	0
      207	2023-11-06 14:01:06	1	5	1	0
      208	2023-11-06 14:12:55	1	5	1	0
      224	2023-11-06 14:37:26	1	5	1	0
      277	2023-11-06 14:52:38	1	5	1	0
      229	2023-11-06 15:21:04	1	5	1	0
      275	2023-11-06 15:24:46	1	5	1	0
      276	2023-11-06 15:25:09	1	5	1	0
      266	2023-11-06 15:27:26	1	5	1	0
      252	2023-11-06 15:36:21	1	5	1	0
      246	2023-11-06 15:36:30	1	5	1	0
      268	2023-11-06 15:36:46	1	5	1	0
      269	2023-11-06 15:36:57	1	5	1	0
      281	2023-11-06 15:37:13	1	5	1	0
      258	2023-11-06 15:37:23	1	5	1	0
      240	2023-11-06 15:37:58	1	5	1	0
      247	2023-11-06 15:38:18	1	5	1	0
      219	2023-11-06 15:38:34	1	5	1	0
      255	2023-11-06 15:38:43	1	5	15	0
      255	2023-11-06 15:38:45	1	5	1	0
      256	2023-11-06 15:39:04	1	5	1	0
      237	2023-11-06 15:39:16	1	5	1	0
      267	2023-11-06 15:41:41	1	5	1	0
      216	2023-11-06 15:43:44	1	5	15	0
      225	2023-11-06 15:46:39	1	5	1	0
      251	2023-11-06 15:49:26	1	5	1	0
      274	2023-11-06 15:49:37	1	5	1	0
      254	2023-11-06 15:49:41	1	5	1	0
      277	2023-11-06 15:49:44	1	5	1	0
      273	2023-11-06 15:51:36	1	5	1	0
      263	2023-11-06 15:53:49	1	5	1	0
      248	2023-11-06 15:53:53	1	5	1	0
      242	2023-11-06 15:53:56	1	5	1	0
      278	2023-11-06 15:54:00	1	5	1	0
      260	2023-11-06 15:54:10	1	5	1	0
      261	2023-11-06 15:54:17	1	5	1	0
      244	2023-11-06 15:56:56	1	1	1	0
      265	2023-11-06 15:57:12	1	1	1	0
      236	2023-11-06 15:57:25	1	1	1	0
      264	2023-11-06 15:57:34	1	1	1	0
      262	2023-11-06 15:58:04	1	1	1	0
      232	2023-11-06 16:00:42	1	1	1	0
      235	2023-11-06 16:01:02	1	1	1	0
      243	2023-11-06 16:02:57	1	1	1	0
      271	2023-11-06 16:05:14	1	1	1	0
      215	2023-11-06 16:06:13	1	1	1	0
      280	2023-11-06 16:09:15	1	1	1	0
      222	2023-11-06 16:10:34	1	1	1	0
      245	2023-11-06 16:15:32	1	1	1	0
      270	2023-11-06 16:21:08	1	1	1	0
      211	2023-11-06 16:26:55	1	1	1	0
      205	2023-11-06 16:26:59	1	1	15	0
      205	2023-11-06 16:27:02	1	1	15	0
      214	2023-11-06 16:29:32	1	1	1	0
      220	2023-11-06 16:29:37	1	1	1	0
      207	2023-11-07 05:45:17	1	1	1	0
      206	2023-11-07 05:51:39	1	1	1	0
      224	2023-11-07 06:02:33	1	1	1	0
      208	2023-11-07 06:49:34	1	1	1	0
      208	2023-11-07 06:54:45	1	1	1	0
      279	2023-11-07 07:18:42	1	1	1	0
      216	2023-11-07 07:28:12	1	1	15	0
      240	2023-11-07 07:39:25	1	1	15	0
      240	2023-11-07 07:39:27	1	1	15	0
      280	2023-11-07 07:39:50	1	1	1	0
      215	2023-11-07 07:39:58	1	1	1	0
      236	2023-11-07 07:40:37	1	1	1	0
      264	2023-11-07 07:40:43	1	1	1	0
      265	2023-11-07 07:40:49	1	1	1	0
      267	2023-11-07 07:42:55	1	1	1	0
      281	2023-11-07 07:43:33	1	1	1	0
      262	2023-11-07 07:45:37	1	1	1	0
      221	2023-11-07 07:47:30	1	1	1	0
      219	2023-11-07 07:47:39	1	1	1	0
      237	2023-11-07 07:51:13	1	1	1	0
      243	2023-11-07 07:52:03	1	1	1	0
      214	2023-11-07 07:53:09	1	1	1	0
      246	2023-11-07 07:53:16	1	1	1	0
      263	2023-11-07 07:56:26	1	1	1	0
      269	2023-11-07 07:57:28	1	1	1	0
      268	2023-11-07 07:57:34	1	1	1	0
      220	2023-11-07 07:57:40	1	1	1	0
      273	2023-11-07 07:59:27	1	1	1	0
      256	2023-11-07 07:59:32	1	1	1	0
      274	2023-11-07 07:59:39	1	1	1	0
      260	2023-11-07 07:59:57	1	1	1	0
      277	2023-11-07 08:00:25	1	1	1	0
      277	2023-11-07 08:00:27	1	1	1	0
      258	2023-11-07 08:01:03	1	1	1	0
      255	2023-11-07 08:01:10	1	1	1	0
      259	2023-11-07 08:01:45	1	1	1	0
      248	2023-11-07 08:01:53	1	1	1	0
      247	2023-11-07 08:03:29	1	1	1	0
      250	2023-11-07 08:05:21	1	1	1	0
      251	2023-11-07 08:07:35	1	1	1	0
      266	2023-11-07 08:07:57	1	1	1	0
      270	2023-11-07 08:08:16	1	1	1	0
      254	2023-11-07 08:09:50	1	1	1	0
      244	2023-11-07 08:10:04	1	1	1	0
      252	2023-11-07 08:10:22	1	1	1	0
      271	2023-11-07 08:12:41	1	1	1	0
      229	2023-11-07 08:17:11	1	1	1	0
      210	2023-11-07 08:20:03	1	1	1	0
      222	2023-11-07 08:20:08	1	1	1	0
      245	2023-11-07 08:22:10	1	1	1	0
      205	2023-11-07 08:22:23	1	1	1	0
      211	2023-11-07 08:22:31	1	1	1	0
      223	2023-11-07 08:40:35	1	1	1	0
      232	2023-11-07 08:42:03	1	1	1	0
      242	2023-11-07 08:45:17	1	1	1	0
      276	2023-11-07 08:49:23	1	1	1	0
      275	2023-11-07 08:49:51	1	1	1	0
      278	2023-11-07 08:50:13	1	1	1	0
      261	2023-11-07 08:50:19	1	1	1	0
      225	2023-11-07 09:01:25	1	1	1	0
      228	2023-11-07 09:01:31	1	1	1	0
      235	2023-11-07 09:28:19	1	1	1	0
      242	2023-11-07 11:40:31	1	1	1	0
      283	2023-11-07 13:19:05	1	1	1	0
      279	2023-11-07 13:21:03	1	1	1	0
      207	2023-11-07 14:01:04	1	1	1	0
      206	2023-11-07 14:03:57	1	1	1	0
      224	2023-11-07 14:08:56	1	1	1	0
      208	2023-11-07 14:09:38	1	1	1	0
      267	2023-11-07 14:45:08	1	1	1	0
      229	2023-11-07 14:59:38	1	1	1	0
      266	2023-11-07 15:23:20	1	1	1	0
      219	2023-11-07 15:29:29	1	1	1	0
      258	2023-11-07 15:29:54	1	1	1	0
      281	2023-11-07 15:29:59	1	1	1	0
      268	2023-11-07 15:30:49	1	1	1	0
      269	2023-11-07 15:31:56	1	1	1	0
      257	2023-11-07 15:38:01	1	1	1	0
      276	2023-11-07 15:40:49	1	1	1	0
      275	2023-11-07 15:40:53	1	1	1	0
      252	2023-11-07 15:42:32	1	1	1	0
      254	2023-11-07 15:42:40	1	1	1	0
      246	2023-11-07 15:42:53	1	1	1	0
      251	2023-11-07 15:42:57	1	1	1	0
      255	2023-11-07 15:43:03	1	1	1	0
      255	2023-11-07 15:43:05	1	1	15	0
      260	2023-11-07 15:43:19	1	1	1	0
      277	2023-11-07 15:43:28	1	1	1	0
      261	2023-11-07 15:43:34	1	1	1	0
      256	2023-11-07 15:43:52	1	1	1	0
      216	2023-11-07 15:45:06	1	1	15	0
      237	2023-11-07 15:45:15	1	1	1	0
      278	2023-11-07 15:46:04	1	1	1	0
      225	2023-11-07 15:47:30	1	1	1	0
      274	2023-11-07 15:48:36	1	1	1	0
      259	2023-11-07 15:48:41	1	1	1	0
      273	2023-11-07 15:49:46	1	1	1	0
      263	2023-11-07 15:52:46	1	1	1	0
      215	2023-11-07 15:55:18	1	1	1	0
      280	2023-11-07 15:55:43	1	1	1	0
      243	2023-11-07 15:57:12	1	1	1	0
      232	2023-11-07 15:57:53	1	1	1	0
      236	2023-11-07 15:57:56	1	1	1	0
      264	2023-11-07 15:57:59	1	1	1	0
      265	2023-11-07 15:58:06	1	1	1	0
      262	2023-11-07 15:58:30	1	1	1	0
      222	2023-11-07 16:02:56	1	1	1	0
      271	2023-11-07 16:10:49	1	1	1	0
      270	2023-11-07 16:14:12	1	1	1	0
      223	2023-11-07 16:14:17	1	1	1	0
      223	2023-11-07 16:14:19	1	1	1	0
      240	2023-11-07 16:16:21	1	1	1	0
      214	2023-11-07 16:34:04	1	1	1	0
      220	2023-11-07 16:34:09	1	1	1	0
      211	2023-11-07 16:36:06	1	1	1	0
      205	2023-11-07 16:36:36	1	1	1	0
      206	2023-11-08 05:45:32	1	1	1	0
      207	2023-11-08 05:46:50	1	1	1	0
      224	2023-11-08 06:08:21	1	1	1	0
      208	2023-11-08 06:43:13	1	1	1	0
      209	2023-11-08 06:59:09	1	1	1	0
      279	2023-11-08 07:18:43	1	1	1	0
      216	2023-11-08 07:20:51	1	1	15	0
      240	2023-11-08 07:21:59	1	1	15	0
      281	2023-11-08 07:39:19	1	1	1	0
      280	2023-11-08 07:39:30	1	1	1	0
      264	2023-11-08 07:40:07	1	1	1	0
      265	2023-11-08 07:40:14	1	1	1	0
      236	2023-11-08 07:41:06	1	1	1	0
      215	2023-11-08 07:42:02	1	1	1	0
      221	2023-11-08 07:45:07	1	1	1	0
      238	2023-11-08 07:45:22	1	1	1	0
      257	2023-11-08 07:46:19	1	1	1	0
      262	2023-11-08 07:46:35	1	1	1	0
      267	2023-11-08 07:47:11	1	1	1	0
      237	2023-11-08 07:48:29	1	1	1	0
      271	2023-11-08 07:54:57	1	1	1	0
      241	2023-11-08 07:55:24	1	1	1	0
      220	2023-11-08 07:56:27	1	1	1	0
      246	2023-11-08 07:56:56	1	1	1	0
      243	2023-11-08 07:57:43	1	1	1	0
      214	2023-11-08 07:57:45	1	1	1	0
      277	2023-11-08 07:58:50	1	1	1	0
      242	2023-11-08 07:59:00	1	1	1	0
      258	2023-11-08 08:00:56	1	1	1	0
      255	2023-11-08 08:01:15	1	1	1	0
      273	2023-11-08 08:03:05	1	1	1	0
      274	2023-11-08 08:03:11	1	1	1	0
      219	2023-11-08 08:05:42	1	1	1	0
      256	2023-11-08 08:05:53	1	1	1	0
      260	2023-11-08 08:06:02	1	1	1	0
      250	2023-11-08 08:06:08	1	1	1	0
      252	2023-11-08 08:06:41	1	1	1	0
      254	2023-11-08 08:06:47	1	1	1	0
      251	2023-11-08 08:07:15	1	1	1	0
      269	2023-11-08 08:07:47	1	1	1	0
      268	2023-11-08 08:07:52	1	1	1	0
      259	2023-11-08 08:10:06	1	1	1	0
      248	2023-11-08 08:10:25	1	1	1	0
      270	2023-11-08 08:11:53	1	1	1	0
      205	2023-11-08 08:13:22	1	1	1	0
      211	2023-11-08 08:13:39	1	1	1	0
      244	2023-11-08 08:13:50	1	1	1	0
      266	2023-11-08 08:14:01	1	1	1	0
      232	2023-11-08 08:16:01	1	1	1	0
      229	2023-11-08 08:21:22	1	1	1	0
      210	2023-11-08 08:21:27	1	1	1	0
      276	2023-11-08 08:27:44	1	1	1	0
      275	2023-11-08 08:27:52	1	1	1	0
      233	2023-11-08 08:33:34	1	1	1	0
      263	2023-11-08 08:34:04	1	1	1	0
      222	2023-11-08 08:48:04	1	1	1	0
      261	2023-11-08 08:52:24	1	1	1	0
      278	2023-11-08 08:52:39	1	1	1	0
      223	2023-11-08 08:54:33	1	1	1	0
      228	2023-11-08 08:57:49	1	1	1	0
      225	2023-11-08 08:57:55	1	1	1	0
      268	2023-11-08 12:08:05	1	1	1	0
      242	2023-11-08 12:20:18	1	1	1	0
      279	2023-11-08 13:18:51	1	1	1	0
      209	2023-11-08 14:00:28	1	1	1	0
      224	2023-11-08 14:00:58	1	1	1	0
      207	2023-11-08 14:03:39	1	1	1	0
      206	2023-11-08 14:03:45	1	1	1	0
      206	2023-11-08 14:03:46	1	1	1	0
      208	2023-11-08 14:08:51	1	1	1	0
      273	2023-11-08 14:34:36	1	1	1	0
      256	2023-11-08 15:00:50	1	1	1	0
      233	2023-11-08 15:13:09	1	1	1	0
      275	2023-11-08 15:13:33	1	1	1	0
      276	2023-11-08 15:13:51	1	1	1	0
      229	2023-11-08 15:24:55	1	1	1	0
      283	2023-11-08 15:32:14	1	1	1	0
      269	2023-11-08 15:32:17	1	1	1	0
      219	2023-11-08 15:34:11	1	1	1	0
      266	2023-11-08 15:41:37	1	1	1	0
      267	2023-11-08 15:42:49	1	1	1	0
      277	2023-11-08 15:45:32	1	1	1	0
      254	2023-11-08 15:45:40	1	1	1	0
      252	2023-11-08 15:45:43	1	1	1	0
      252	2023-11-08 15:45:49	1	1	1	0
      251	2023-11-08 15:45:53	1	1	1	0
      258	2023-11-08 15:45:59	1	1	1	0
      222	2023-11-08 15:46:01	1	1	1	0
      237	2023-11-08 15:46:05	1	1	15	0
      237	2023-11-08 15:46:07	1	1	1	0
      232	2023-11-08 15:46:15	1	1	1	0
      281	2023-11-08 15:46:18	1	1	1	0
      248	2023-11-08 15:46:24	1	1	1	0
      246	2023-11-08 15:46:29	1	1	1	0
      255	2023-11-08 15:46:46	1	1	1	0
      210	2023-11-08 15:47:57	1	1	1	0
      244	2023-11-08 15:48:06	1	1	1	0
      228	2023-11-08 15:48:28	1	1	1	0
      225	2023-11-08 15:48:59	1	1	1	0
      274	2023-11-08 15:49:32	1	1	1	0
      259	2023-11-08 15:50:03	1	1	1	0
      241	2023-11-08 15:50:20	1	1	1	0
      214	2023-11-08 15:52:26	1	1	1	0
      243	2023-11-08 15:52:33	1	1	1	0
      261	2023-11-08 15:53:51	1	1	1	0
      220	2023-11-08 15:53:56	1	1	1	0
      278	2023-11-08 15:54:01	1	1	1	0
      263	2023-11-08 15:54:07	1	1	1	0
      245	2023-11-08 15:54:09	1	1	1	0
      260	2023-11-08 15:57:30	1	1	1	0
      236	2023-11-08 15:58:55	1	1	1	0
      215	2023-11-08 15:59:15	1	1	1	0
      280	2023-11-08 15:59:18	1	1	1	0
      265	2023-11-08 15:59:22	1	1	1	0
      264	2023-11-08 15:59:32	1	1	1	0
      270	2023-11-08 15:59:56	1	1	1	0
      238	2023-11-08 16:00:09	1	1	1	0
      205	2023-11-08 16:01:14	1	1	1	0
      211	2023-11-08 16:01:54	1	1	1	0
      271	2023-11-08 16:03:45	1	1	1	0
      239	2023-11-08 16:05:45	1	1	1	0
      262	2023-11-08 16:09:39	1	1	1	0
      223	2023-11-08 16:11:55	1	1	1	0
      239	2023-11-09 06:32:30	1	1	1	0
      237	2023-11-09 07:46:32	1	1	1	0
      245	2023-11-09 07:48:45	1	1	1	0
      215	2023-11-09 07:49:41	1	1	1	0
      257	2023-11-09 15:42:13	1	1	1	0
      215	2023-11-09 15:44:12	1	1	1	0
      237	2023-11-09 15:53:37	1	1	1	0
      239	2023-11-09 17:31:22	1	1	1	0
      207	2023-11-10 05:48:59	1	0	15	0
      206	2023-11-10 06:00:19	1	0	1	0
      239	2023-11-10 06:31:04	1	0	1	0
      208	2023-11-10 06:48:06	1	0	1	0
      209	2023-11-10 07:02:12	1	0	1	0
      216	2023-11-10 07:25:31	1	0	15	0
      216	2023-11-10 07:25:34	1	0	15	0
      264	2023-11-10 07:40:41	1	0	1	0
      265	2023-11-10 07:40:51	1	0	1	0
      236	2023-11-10 07:40:57	1	0	1	0
      280	2023-11-10 07:41:06	1	0	1	0
      215	2023-11-10 07:41:21	1	0	1	0
      262	2023-11-10 07:41:31	1	0	1	0
      241	2023-11-10 07:43:05	1	0	1	0
      257	2023-11-10 07:44:15	1	0	1	0
      238	2023-11-10 07:46:02	1	0	1	0
      256	2023-11-10 07:51:46	1	0	1	0
      277	2023-11-10 07:56:11	1	0	1	0
      281	2023-11-10 07:56:16	1	0	1	0
      246	2023-11-10 07:59:50	1	0	1	0
      255	2023-11-10 08:00:11	1	0	15	0
      269	2023-11-10 08:01:09	1	0	1	0
      268	2023-11-10 08:01:13	1	0	1	0
      254	2023-11-10 08:02:08	1	0	1	0
      251	2023-11-10 08:02:11	1	0	1	0
      250	2023-11-10 08:02:42	1	0	1	0
      220	2023-11-10 08:02:48	1	0	1	0
      271	2023-11-10 08:04:43	1	0	1	0
      243	2023-11-10 08:05:10	1	0	1	0
      214	2023-11-10 08:05:23	1	0	1	0
      247	2023-11-10 08:08:45	1	0	1	0
      259	2023-11-10 08:09:54	1	0	1	0
      266	2023-11-10 08:10:25	1	0	1	0
      248	2023-11-10 08:10:54	1	0	1	0
      270	2023-11-10 08:19:31	1	0	1	0
      205	2023-11-10 08:20:05	1	0	1	0
      211	2023-11-10 08:20:12	1	0	1	0
      267	2023-11-10 08:22:24	1	0	1	0
      263	2023-11-10 08:22:48	1	0	1	0
      233	2023-11-10 08:25:57	1	0	1	0
      232	2023-11-10 08:32:13	1	0	1	0
      222	2023-11-10 08:36:53	1	0	1	0
      225	2023-11-10 08:38:40	1	0	1	0
      229	2023-11-10 08:39:30	1	0	1	0
      275	2023-11-10 08:46:12	1	0	1	0
      261	2023-11-10 08:46:20	1	0	1	0
      278	2023-11-10 08:46:47	1	0	1	0
      223	2023-11-10 09:15:32	1	0	1	0
      235	2023-11-10 09:23:16	1	0	1	0
      283	2023-11-10 09:24:55	1	0	1	0
      259	2023-11-10 12:14:54	1	0	1	0
      222	2023-11-10 12:17:09	1	0	1	0
      209	2023-11-10 12:45:45	1	0	1	0
      267	2023-11-10 13:00:15	1	0	1	0
      266	2023-11-10 13:09:21	1	0	1	0
      208	2023-11-10 14:00:25	1	0	1	0
      207	2023-11-10 14:01:47	1	0	1	0
      206	2023-11-10 14:11:24	1	0	1	0
      229	2023-11-10 14:39:53	1	0	1	0
      232	2023-11-10 14:39:55	1	0	1	0
      268	2023-11-10 15:00:02	1	0	1	0
      269	2023-11-10 15:00:07	1	0	1	0
      243	2023-11-10 15:07:24	1	0	1	0
      214	2023-11-10 15:07:27	1	0	1	0
      280	2023-11-10 15:12:28	1	0	1	0
      277	2023-11-10 15:12:54	1	0	1	0
      225	2023-11-10 15:27:41	1	0	1	0
      275	2023-11-10 15:27:46	1	0	1	0
      235	2023-11-10 15:28:05	1	0	1	0
      278	2023-11-10 15:28:10	1	0	1	0
      256	2023-11-10 15:28:28	1	0	1	0
      240	2023-11-10 15:32:07	1	0	1	0
      238	2023-11-10 15:34:50	1	0	1	0
      233	2023-11-10 15:38:33	1	0	1	0
      246	2023-11-10 15:38:37	1	0	1	0
      251	2023-11-10 15:39:18	1	0	1	0
      248	2023-11-10 15:39:41	1	0	1	0
      255	2023-11-10 15:39:48	1	0	1	0
      216	2023-11-10 15:41:26	1	0	15	0
      261	2023-11-10 15:41:44	1	0	1	0
      220	2023-11-10 15:42:29	1	0	1	0
      263	2023-11-10 15:43:24	1	0	1	0
      264	2023-11-10 15:43:55	1	0	1	0
      265	2023-11-10 15:44:06	1	0	1	0
      236	2023-11-10 15:44:13	1	0	1	0
      215	2023-11-10 15:51:15	1	0	1	0
      254	2023-11-10 15:51:28	1	0	1	0
      241	2023-11-10 15:51:33	1	0	1	0
      205	2023-11-10 15:52:12	1	0	1	0
      211	2023-11-10 15:52:15	1	0	1	0
      245	2023-11-10 15:55:48	1	0	1	0
      262	2023-11-10 16:09:15	1	0	1	0
      281	2023-11-10 16:10:21	1	0	1	0
      247	2023-11-10 16:15:42	1	0	1	0
      271	2023-11-10 16:19:06	1	0	1	0
      270	2023-11-10 16:19:12	1	0	1	0
      223	2023-11-10 16:25:32	1	0	1	0
      240	2023-11-11 07:54:04	1	0	15	0
      240	2023-11-11 07:54:06	1	0	15	0
      238	2023-11-11 07:55:54	1	0	1	0
      245	2023-11-11 08:01:39	1	0	1	0
      247	2023-11-11 08:12:27	1	0	1	0
      257	2023-11-11 15:32:12	1	0	1	0
      247	2023-11-11 15:53:59	1	0	1	0
      239	2023-11-11 15:58:11	1	0	1	0
      238	2023-11-11 15:58:46	1	0	1	0
      239	2023-11-12 06:52:09	1	0	1	0
      237	2023-11-12 07:42:18	1	0	1	0
      257	2023-11-12 07:43:31	1	0	1	0
      247	2023-11-12 08:03:54	1	0	1	0
      247	2023-11-12 14:35:18	1	0	1	0
      245	2023-11-12 15:40:20	1	0	1	0
      237	2023-11-12 15:45:18	1	0	1	0
      240	2023-11-12 15:53:16	1	0	1	0
      207	2023-11-13 05:49:57	1	0	1	0
      206	2023-11-13 06:16:12	1	0	1	0
      208	2023-11-13 06:43:45	1	0	1	0
      208	2023-11-13 06:43:52	1	0	1	0
      208	2023-11-13 06:44:01	1	0	1	0
      209	2023-11-13 06:47:47	1	0	1	0
      279	2023-11-13 07:17:33	1	0	1	0
      267	2023-11-13 07:26:45	1	0	1	0
      216	2023-11-13 07:33:44	1	0	15	0
      280	2023-11-13 07:43:13	1	0	1	0
      215	2023-11-13 07:43:22	1	0	1	0
      240	2023-11-13 07:44:22	1	0	1	0
      281	2023-11-13 07:45:21	1	0	1	0
      236	2023-11-13 07:46:17	1	0	1	0
      265	2023-11-13 07:46:21	1	0	1	0
      237	2023-11-13 07:46:39	1	0	1	0
      264	2023-11-13 07:46:46	1	0	1	0
      262	2023-11-13 07:47:03	1	0	1	0
      221	2023-11-13 07:51:15	1	0	1	0
      246	2023-11-13 07:56:01	1	0	1	0
      220	2023-11-13 07:56:48	1	0	1	0
      269	2023-11-13 07:59:43	1	0	1	0
      268	2023-11-13 07:59:51	1	0	1	0
      258	2023-11-13 08:00:08	1	0	1	0
      271	2023-11-13 08:00:30	1	0	1	0
      273	2023-11-13 08:01:05	1	0	1	0
      214	2023-11-13 08:01:08	1	0	1	0
      243	2023-11-13 08:01:09	1	0	1	0
      260	2023-11-13 08:01:22	1	0	1	0
      263	2023-11-13 08:01:27	1	0	1	0
      256	2023-11-13 08:01:51	1	0	1	0
      255	2023-11-13 08:01:57	1	0	15	0
      255	2023-11-13 08:01:59	1	0	1	0
      250	2023-11-13 08:04:20	1	0	1	0
      274	2023-11-13 08:05:56	1	0	1	0
      233	2023-11-13 08:06:11	1	0	1	0
      259	2023-11-13 08:06:38	1	0	1	0
      248	2023-11-13 08:08:05	1	0	1	0
      251	2023-11-13 08:10:12	1	0	1	0
      254	2023-11-13 08:10:15	1	0	1	0
      266	2023-11-13 08:10:49	1	0	1	0
      249	2023-11-13 08:12:31	1	0	1	0
      270	2023-11-13 08:13:32	1	0	1	0
      276	2023-11-13 08:15:15	1	0	1	0
      245	2023-11-13 08:16:11	1	0	1	0
      245	2023-11-13 08:16:12	1	0	1	0
      219	2023-11-13 08:25:59	1	0	1	0
      232	2023-11-13 08:26:51	1	0	1	0
      275	2023-11-13 08:27:54	1	0	1	0
      205	2023-11-13 08:30:01	1	0	1	0
      242	2023-11-13 08:33:26	1	0	1	0
      244	2023-11-13 08:35:26	1	0	1	0
      252	2023-11-13 08:42:17	1	0	1	0
      225	2023-11-13 08:43:56	1	0	1	0
      229	2023-11-13 08:44:12	1	0	1	0
      210	2023-11-13 08:44:23	1	0	1	0
      222	2023-11-13 08:56:20	1	0	1	0
      223	2023-11-13 09:06:53	1	0	1	0
      261	2023-11-13 09:33:17	1	0	1	0
      278	2023-11-13 09:33:24	1	0	1	0
      224	2023-11-13 09:38:31	1	0	1	0
      279	2023-11-13 13:17:35	1	0	1	0
      209	2023-11-13 13:50:03	1	0	1	0
      207	2023-11-13 14:02:28	1	0	1	0
      206	2023-11-13 14:02:35	1	0	1	0
      262	2023-11-13 14:08:38	1	0	1	0
      208	2023-11-13 14:13:46	1	0	1	0
      210	2023-11-13 14:17:10	1	0	1	0
      278	2023-11-13 14:28:48	1	0	1	0
      247	2023-11-13 15:03:52	1	0	1	0
      229	2023-11-13 15:13:36	1	0	1	0
      273	2023-11-13 15:21:03	1	0	1	0
      256	2023-11-13 15:21:09	1	0	1	0
      274	2023-11-13 15:24:38	1	0	1	0
      275	2023-11-13 15:26:27	1	0	1	0
      276	2023-11-13 15:27:07	1	0	1	0
      268	2023-11-13 15:27:14	1	0	1	0
      269	2023-11-13 15:27:16	1	0	1	0
      257	2023-11-13 15:32:57	1	0	1	0
      255	2023-11-13 15:33:26	1	0	15	0
      255	2023-11-13 15:33:28	1	0	1	0
      266	2023-11-13 15:34:15	1	0	1	0
      248	2023-11-13 15:34:21	1	0	1	0
      259	2023-11-13 15:35:55	1	0	1	0
      254	2023-11-13 15:37:10	1	0	1	0
      246	2023-11-13 15:37:42	1	0	1	0
      260	2023-11-13 15:37:50	1	0	1	0
      261	2023-11-13 15:37:58	1	0	1	0
      251	2023-11-13 15:38:51	1	0	1	0
      280	2023-11-13 15:44:55	1	0	1	0
      215	2023-11-13 15:46:45	1	0	1	0
      267	2023-11-13 15:47:16	1	0	1	0
      281	2023-11-13 15:49:01	1	0	1	0
      258	2023-11-13 15:49:16	1	0	1	0
      225	2023-11-13 15:50:00	1	0	1	0
      242	2023-11-13 15:50:24	1	0	1	0
      237	2023-11-13 15:51:03	1	0	1	0
      238	2023-11-13 15:51:10	1	0	1	0
      219	2023-11-13 15:52:45	1	0	1	0
      270	2023-11-13 15:53:41	1	0	1	0
      233	2023-11-13 15:54:04	1	0	1	0
      214	2023-11-13 15:54:31	1	0	1	0
      263	2023-11-13 15:54:37	1	0	1	0
      264	2023-11-13 16:02:04	1	0	1	0
      265	2023-11-13 16:02:07	1	0	1	0
      236	2023-11-13 16:02:11	1	0	1	0
      271	2023-11-13 16:07:58	1	0	1	0
      223	2023-11-13 16:08:11	1	0	1	0
      205	2023-11-13 16:09:24	1	0	1	0
      205	2023-11-13 16:09:25	1	0	1	0
      252	2023-11-13 16:19:16	1	0	1	0
      224	2023-11-14 05:36:15	1	0	1	0
      207	2023-11-14 05:51:46	1	0	1	0
      206	2023-11-14 05:59:49	1	0	1	0
      208	2023-11-14 06:49:15	1	0	1	0
      209	2023-11-14 06:49:30	1	0	1	0
      279	2023-11-14 07:21:00	1	0	1	0
      216	2023-11-14 07:25:58	1	0	15	0
      257	2023-11-14 07:27:42	1	0	1	0
      267	2023-11-14 07:28:58	1	0	1	0
      260	2023-11-14 07:39:19	1	0	1	0
      280	2023-11-14 07:41:05	1	0	1	0
      215	2023-11-14 07:41:14	1	0	1	0
      265	2023-11-14 07:43:28	1	0	1	0
      264	2023-11-14 07:43:45	1	0	1	0
      236	2023-11-14 07:43:54	1	0	1	0
      221	2023-11-14 07:46:40	1	0	1	0
      262	2023-11-14 07:46:48	1	0	1	0
      219	2023-11-14 07:49:17	1	0	1	0
      241	2023-11-14 07:51:26	1	0	1	0
      281	2023-11-14 07:53:57	1	0	1	0
      246	2023-11-14 07:55:18	1	0	1	0
      258	2023-11-14 07:55:44	1	0	1	0
      242	2023-11-14 07:55:46	1	0	1	0
      277	2023-11-14 07:55:52	1	0	1	0
      263	2023-11-14 07:56:55	1	0	1	0
      269	2023-11-14 07:57:35	1	0	1	0
      220	2023-11-14 07:57:41	1	0	1	0
      271	2023-11-14 07:58:10	1	0	1	0
      256	2023-11-14 07:58:15	1	0	1	0
      273	2023-11-14 07:59:27	1	0	1	0
      244	2023-11-14 07:59:54	1	0	1	0
      243	2023-11-14 08:01:03	1	0	1	0
      214	2023-11-14 08:01:10	1	0	1	0
      239	2023-11-14 08:01:19	1	0	1	0
      239	2023-11-14 08:01:20	1	0	15	0
      239	2023-11-14 08:01:22	1	0	15	0
      238	2023-11-14 08:05:42	1	0	15	0
      238	2023-11-14 08:05:44	1	0	1	0
      259	2023-11-14 08:06:02	1	0	1	0
      248	2023-11-14 08:06:19	1	0	1	0
      205	2023-11-14 08:10:39	1	0	1	0
      205	2023-11-14 08:10:41	1	0	1	0
      211	2023-11-14 08:10:44	1	0	1	0
      255	2023-11-14 08:12:57	1	0	1	0
      270	2023-11-14 08:14:01	1	0	1	0
      252	2023-11-14 08:15:04	1	0	1	0
      266	2023-11-14 08:15:09	1	0	1	0
      247	2023-11-14 08:15:22	1	0	1	0
      254	2023-11-14 08:24:20	1	0	1	0
      261	2023-11-14 08:24:27	1	0	1	0
      251	2023-11-14 08:24:30	1	0	1	0
      229	2023-11-14 08:28:02	1	0	1	0
      232	2023-11-14 08:28:05	1	0	1	0
      210	2023-11-14 08:28:15	1	0	1	0
      210	2023-11-14 08:28:21	1	0	1	0
      210	2023-11-14 08:28:23	1	0	1	0
      278	2023-11-14 08:40:06	1	0	1	0
      233	2023-11-14 08:45:47	1	0	1	0
      250	2023-11-14 08:54:26	1	0	1	0
      274	2023-11-14 08:54:37	1	0	1	0
      235	2023-11-14 08:55:25	1	0	1	0
      275	2023-11-14 08:56:08	1	0	1	0
      276	2023-11-14 08:56:12	1	0	1	0
      223	2023-11-14 08:58:26	1	0	1	0
      228	2023-11-14 09:04:58	1	0	1	0
      225	2023-11-14 09:05:04	1	0	1	0
      279	2023-11-14 13:15:22	1	0	1	0
      209	2023-11-14 13:48:19	1	0	1	0
      207	2023-11-14 14:01:23	1	0	1	0
      206	2023-11-14 14:01:26	1	0	1	0
      208	2023-11-14 14:09:13	1	0	1	0
      224	2023-11-14 14:15:53	1	0	1	0
      276	2023-11-14 15:28:35	1	0	1	0
      275	2023-11-14 15:28:40	1	0	1	0
      256	2023-11-14 15:30:11	1	0	1	0
      269	2023-11-14 15:30:13	1	0	1	0
      273	2023-11-14 15:30:26	1	0	1	0
      277	2023-11-14 15:30:48	1	0	1	0
      274	2023-11-14 15:30:52	1	0	1	0
      229	2023-11-14 15:31:51	1	0	1	0
      260	2023-11-14 15:37:03	1	0	1	0
      266	2023-11-14 15:37:26	1	0	1	0
      252	2023-11-14 15:38:16	1	0	1	0
      240	2023-11-14 15:39:56	1	0	1	0
      254	2023-11-14 15:40:02	1	0	1	0
      254	2023-11-14 15:40:04	1	0	1	0
      251	2023-11-14 15:40:06	1	0	1	0
      246	2023-11-14 15:40:18	1	0	1	0
      255	2023-11-14 15:41:24	1	0	1	0
      255	2023-11-14 15:41:26	1	0	15	0
      267	2023-11-14 15:42:09	1	0	1	0
      219	2023-11-14 15:44:51	1	0	1	0
      216	2023-11-14 15:46:16	1	0	15	0
      258	2023-11-14 15:49:08	1	0	1	0
      225	2023-11-14 15:49:24	1	0	1	0
      281	2023-11-14 15:50:08	1	0	1	0
      248	2023-11-14 15:51:08	1	0	1	0
      259	2023-11-14 15:51:14	1	0	1	0
      242	2023-11-14 15:52:04	1	0	1	0
      241	2023-11-14 15:52:09	1	0	1	0
      215	2023-11-14 15:52:14	1	0	1	0
      280	2023-11-14 15:52:18	1	0	1	0
      244	2023-11-14 15:53:27	1	0	1	0
      232	2023-11-14 15:54:54	1	0	1	0
      223	2023-11-14 15:55:26	1	0	1	0
      235	2023-11-14 15:55:28	1	0	1	0
      278	2023-11-14 15:55:35	1	0	1	0
      211	2023-11-14 15:56:56	1	0	1	0
      205	2023-11-14 15:57:48	1	0	1	0
      205	2023-11-14 15:57:49	1	0	1	0
      205	2023-11-14 15:57:51	1	0	1	0
      205	2023-11-14 15:57:52	1	0	1	0
      239	2023-11-14 15:58:03	1	0	1	0
      263	2023-11-14 15:58:27	1	0	1	0
      271	2023-11-14 15:58:36	1	0	1	0
      265	2023-11-14 15:58:44	1	0	1	0
      264	2023-11-14 15:58:48	1	0	1	0
      236	2023-11-14 15:58:51	1	0	1	0
      245	2023-11-14 15:59:15	1	0	1	0
      243	2023-11-14 15:59:23	1	0	1	0
      233	2023-11-14 15:59:43	1	0	1	0
      283	2023-11-14 15:59:51	1	0	1	0
      220	2023-11-14 16:02:49	1	0	1	0
      238	2023-11-14 16:07:01	1	0	15	0
      238	2023-11-14 16:07:04	1	0	15	0
      261	2023-11-14 16:07:16	1	0	1	0
      270	2023-11-14 16:07:35	1	0	1	0
      214	2023-11-14 16:14:47	1	0	1	0
      262	2023-11-14 16:15:06	1	0	1	0
      224	2023-11-15 05:40:50	1	0	1	0
      207	2023-11-15 05:50:46	1	0	1	0
      206	2023-11-15 05:56:36	1	0	1	0
      208	2023-11-15 06:47:46	1	0	1	0
      209	2023-11-15 07:09:27	1	0	1	0
      279	2023-11-15 07:19:14	1	0	1	0
      216	2023-11-15 07:24:59	1	0	15	0
      240	2023-11-15 07:34:22	1	0	1	0
      280	2023-11-15 07:36:05	1	0	1	0
      280	2023-11-15 07:36:15	1	0	1	0
      215	2023-11-15 07:37:03	1	0	1	0
      219	2023-11-15 07:39:50	1	0	1	0
      238	2023-11-15 07:41:49	1	0	1	0
      237	2023-11-15 07:42:45	1	0	1	0
      283	2023-11-15 07:42:55	1	0	1	0
      281	2023-11-15 07:43:41	1	0	1	0
      236	2023-11-15 07:43:46	1	0	1	0
      265	2023-11-15 07:43:51	1	0	1	0
      264	2023-11-15 07:43:57	1	0	1	0
      221	2023-11-15 07:47:03	1	0	1	0
      241	2023-11-15 07:47:14	1	0	1	0
      262	2023-11-15 07:48:20	1	0	1	0
      245	2023-11-15 07:49:14	1	0	1	0
      243	2023-11-15 07:57:53	1	0	1	0
      214	2023-11-15 07:58:02	1	0	1	0
      220	2023-11-15 07:58:08	1	0	1	0
      244	2023-11-15 07:58:33	1	0	1	0
      234	2023-11-15 07:58:49	1	0	1	0
      242	2023-11-15 08:00:22	1	0	1	0
      255	2023-11-15 08:01:38	1	0	1	0
      260	2023-11-15 08:01:59	1	0	1	0
      273	2023-11-15 08:02:34	1	0	1	0
      274	2023-11-15 08:02:49	1	0	1	0
      258	2023-11-15 08:02:57	1	0	1	0
      269	2023-11-15 08:03:13	1	0	1	0
      259	2023-11-15 08:03:51	1	0	1	0
      248	2023-11-15 08:04:03	1	0	1	0
      271	2023-11-15 08:04:18	1	0	1	0
      270	2023-11-15 08:04:37	1	0	1	0
      256	2023-11-15 08:05:53	1	0	1	0
      250	2023-11-15 08:06:08	1	0	1	0
      246	2023-11-15 08:06:11	1	0	1	0
      232	2023-11-15 08:06:19	1	0	1	0
      263	2023-11-15 08:06:47	1	0	1	0
      249	2023-11-15 08:07:18	1	0	1	0
      233	2023-11-15 08:09:16	1	0	1	0
      266	2023-11-15 08:13:40	1	0	1	0
      205	2023-11-15 08:14:39	1	0	1	0
      211	2023-11-15 08:14:46	1	0	1	0
      229	2023-11-15 08:21:32	1	0	1	0
      254	2023-11-15 08:21:54	1	0	1	0
      251	2023-11-15 08:21:57	1	0	1	0
      268	2023-11-15 08:22:50	1	0	1	0
      267	2023-11-15 08:22:56	1	0	1	0
      210	2023-11-15 08:23:44	1	0	1	0
      222	2023-11-15 08:30:50	1	0	1	0
      252	2023-11-15 08:38:38	1	0	1	0
      276	2023-11-15 08:39:56	1	0	1	0
      275	2023-11-15 08:40:03	1	0	1	0
      223	2023-11-15 08:47:58	1	0	1	0
      227	2023-11-15 08:53:59	1	0	1	0
      261	2023-11-15 08:55:17	1	0	1	0
      278	2023-11-15 08:55:48	1	0	1	0
      228	2023-11-15 08:56:29	1	0	1	0
      225	2023-11-15 08:57:05	1	0	1	0
      277	2023-11-15 08:57:38	1	0	1	0
      235	2023-11-15 09:19:22	1	0	1	0
      255	2023-11-15 12:26:07	1	0	15	0
      255	2023-11-15 12:26:09	1	0	15	0
      260	2023-11-15 12:26:23	1	0	1	0
      252	2023-11-15 12:55:46	1	0	1	0
      279	2023-11-15 13:15:58	1	0	1	0
      209	2023-11-15 13:45:26	1	0	1	0
      208	2023-11-15 14:03:13	1	0	1	0
      207	2023-11-15 14:07:29	1	0	1	0
      206	2023-11-15 14:07:45	1	0	1	0
      224	2023-11-15 14:11:04	1	0	1	0
      220	2023-11-15 14:45:08	1	0	1	0
      234	2023-11-15 14:45:56	1	0	1	0
      281	2023-11-15 15:00:05	1	0	1	0
      229	2023-11-15 15:09:18	1	0	1	0
      247	2023-11-15 15:14:43	1	0	1	0
      222	2023-11-15 15:15:27	1	0	1	0
      273	2023-11-15 15:25:40	1	0	1	0
      242	2023-11-15 15:26:06	1	0	1	0
      275	2023-11-15 15:28:56	1	0	1	0
      277	2023-11-15 15:30:19	1	0	1	0
      268	2023-11-15 15:31:05	1	0	1	0
      269	2023-11-15 15:31:07	1	0	1	0
      258	2023-11-15 15:31:09	1	0	1	0
      274	2023-11-15 15:31:13	1	0	1	0
      225	2023-11-15 15:31:22	1	0	1	0
      261	2023-11-15 15:31:28	1	0	1	0
      228	2023-11-15 15:31:39	1	0	1	0
      276	2023-11-15 15:31:46	1	0	1	0
      233	2023-11-15 15:31:51	1	0	1	0
      266	2023-11-15 15:32:58	1	0	1	0
      216	2023-11-15 15:33:05	1	0	15	0
      248	2023-11-15 15:34:01	1	0	1	0
      246	2023-11-15 15:35:04	1	0	1	0
      246	2023-11-15 15:35:11	1	0	1	0
      254	2023-11-15 15:35:17	1	0	1	0
      251	2023-11-15 15:35:20	1	0	1	0
      254	2023-11-15 15:35:25	1	0	1	0
      251	2023-11-15 15:35:36	1	0	1	0
      259	2023-11-15 15:36:54	1	0	1	0
      219	2023-11-15 15:41:04	1	0	1	0
      267	2023-11-15 15:43:16	1	0	1	0
      235	2023-11-15 15:43:39	1	0	1	0
      241	2023-11-15 15:46:05	1	0	1	0
      239	2023-11-15 15:47:20	1	0	1	0
      238	2023-11-15 15:52:23	1	0	1	0
      237	2023-11-15 15:52:32	1	0	1	0
      215	2023-11-15 15:55:00	1	0	1	0
      280	2023-11-15 15:55:02	1	0	1	0
      263	2023-11-15 15:55:54	1	0	1	0
      243	2023-11-15 15:56:24	1	0	1	0
      264	2023-11-15 15:56:31	1	0	1	0
      264	2023-11-15 15:56:32	1	0	1	0
      265	2023-11-15 15:56:37	1	0	1	0
      236	2023-11-15 15:56:51	1	0	1	0
      270	2023-11-15 15:57:05	1	0	1	0
      205	2023-11-15 15:57:35	1	0	1	0
      211	2023-11-15 15:57:44	1	0	1	0
      271	2023-11-15 16:00:15	1	0	1	0
      244	2023-11-15 16:12:00	1	0	1	0
      262	2023-11-15 16:13:28	1	0	1	0
      214	2023-11-15 16:15:22	1	0	1	0
      223	2023-11-15 16:36:17	1	0	1	0
      207	2023-11-16 05:54:24	1	0	1	0
      206	2023-11-16 05:55:53	1	0	1	0
      239	2023-11-16 06:34:52	1	0	1	0
      208	2023-11-16 06:49:45	1	0	1	0
      209	2023-11-16 07:04:23	1	0	1	0
      279	2023-11-16 07:13:54	1	0	1	0
      216	2023-11-16 07:29:04	1	0	15	0
      247	2023-11-16 07:29:20	1	0	1	0
      236	2023-11-16 07:34:48	1	0	1	0
      265	2023-11-16 07:34:56	1	0	1	0
      264	2023-11-16 07:35:01	1	0	1	0
      280	2023-11-16 07:40:27	1	0	1	0
      280	2023-11-16 07:40:28	1	0	1	0
      215	2023-11-16 07:40:39	1	0	1	0
      238	2023-11-16 07:40:51	1	0	1	0
      242	2023-11-16 07:41:56	1	0	1	0
      237	2023-11-16 07:42:05	1	0	1	0
      258	2023-11-16 07:42:22	1	0	1	0
      267	2023-11-16 07:43:09	1	0	1	0
      281	2023-11-16 07:44:08	1	0	1	0
      262	2023-11-16 07:44:17	1	0	1	0
      246	2023-11-16 07:47:53	1	0	1	0
      219	2023-11-16 07:49:35	1	0	1	0
      277	2023-11-16 07:55:34	1	0	1	0
      268	2023-11-16 07:55:41	1	0	1	0
      243	2023-11-16 07:56:07	1	0	1	0
      214	2023-11-16 07:56:09	1	0	1	0
      274	2023-11-16 07:56:26	1	0	1	0
      269	2023-11-16 07:56:53	1	0	1	0
      220	2023-11-16 07:57:15	1	0	1	0
      273	2023-11-16 07:58:01	1	0	1	0
      256	2023-11-16 07:58:29	1	0	1	0
      250	2023-11-16 07:59:24	1	0	1	0
      263	2023-11-16 07:59:41	1	0	1	0
      249	2023-11-16 07:59:55	1	0	1	0
      221	2023-11-16 08:00:48	1	0	1	0
      266	2023-11-16 08:02:18	1	0	1	0
      252	2023-11-16 08:02:51	1	0	1	0
      251	2023-11-16 08:02:55	1	0	1	0
      270	2023-11-16 08:05:45	1	0	1	0
      259	2023-11-16 08:06:53	1	0	1	0
      248	2023-11-16 08:07:11	1	0	1	0
      244	2023-11-16 08:08:43	1	0	1	0
      260	2023-11-16 08:13:02	1	0	1	0
      255	2023-11-16 08:13:17	1	0	1	0
      254	2023-11-16 08:13:26	1	0	1	0
      233	2023-11-16 08:13:39	1	0	1	0
      229	2023-11-16 08:14:20	1	0	1	0
      205	2023-11-16 08:16:03	1	0	15	0
      205	2023-11-16 08:16:04	1	0	1	0
      205	2023-11-16 08:16:06	1	0	1	0
      205	2023-11-16 08:16:08	1	0	1	0
      211	2023-11-16 08:16:12	1	0	1	0
      210	2023-11-16 08:16:27	1	0	1	0
      223	2023-11-16 08:18:16	1	0	1	0
      275	2023-11-16 08:32:52	1	0	1	0
      261	2023-11-16 08:33:01	1	0	1	0
      222	2023-11-16 08:41:53	1	0	1	0
      228	2023-11-16 08:59:28	1	0	1	0
      225	2023-11-16 08:59:48	1	0	1	0
      235	2023-11-16 09:17:47	1	0	1	0
      279	2023-11-16 13:06:30	1	0	1	0
      209	2023-11-16 13:55:15	1	0	1	0
      206	2023-11-16 14:00:38	1	0	1	0
      207	2023-11-16 14:01:10	1	0	1	0
      224	2023-11-16 14:01:17	1	0	1	0
      208	2023-11-16 14:18:45	1	0	1	0
      256	2023-11-16 15:24:27	1	0	1	0
      268	2023-11-16 15:26:47	1	0	1	0
      273	2023-11-16 15:27:58	1	0	1	0
      269	2023-11-16 15:28:34	1	0	1	0
      274	2023-11-16 15:29:00	1	0	1	0
      277	2023-11-16 15:29:08	1	0	1	0
      266	2023-11-16 15:33:05	1	0	1	0
      275	2023-11-16 15:33:29	1	0	1	0
      257	2023-11-16 15:36:23	1	0	1	0
      251	2023-11-16 15:37:06	1	0	1	0
      261	2023-11-16 15:37:13	1	0	1	0
      219	2023-11-16 15:38:12	1	0	1	0
      229	2023-11-16 15:38:15	1	0	1	0
      252	2023-11-16 15:39:38	1	0	1	0
      281	2023-11-16 15:40:38	1	0	1	0
      239	2023-11-16 15:42:54	1	0	1	0
      246	2023-11-16 15:43:06	1	0	1	0
      216	2023-11-16 15:43:23	1	0	15	0
      267	2023-11-16 15:43:54	1	0	1	0
      228	2023-11-16 15:44:35	1	0	1	0
      225	2023-11-16 15:44:49	1	0	1	0
      258	2023-11-16 15:50:21	1	0	1	0
      237	2023-11-16 15:51:05	1	0	1	0
      238	2023-11-16 15:52:57	1	0	1	0
      255	2023-11-16 15:53:41	1	0	1	0
      255	2023-11-16 15:53:43	1	0	15	0
      260	2023-11-16 15:53:49	1	0	1	0
      280	2023-11-16 15:55:36	1	0	1	0
      215	2023-11-16 15:55:50	1	0	1	0
      233	2023-11-16 15:55:56	1	0	1	0
      265	2023-11-16 15:56:10	1	0	1	0
      235	2023-11-16 15:56:15	1	0	1	0
      264	2023-11-16 15:56:20	1	0	1	0
      259	2023-11-16 15:56:44	1	0	1	0
      259	2023-11-16 15:56:45	1	0	1	0
      248	2023-11-16 15:57:07	1	0	1	0
      222	2023-11-16 15:57:33	1	0	1	0
      243	2023-11-16 16:00:12	1	0	1	0
      242	2023-11-16 16:00:24	1	0	1	0
      223	2023-11-16 16:01:18	1	0	1	0
      236	2023-11-16 16:04:22	1	0	1	0
      263	2023-11-16 16:04:24	1	0	1	0
      220	2023-11-16 16:04:48	1	0	1	0
      254	2023-11-16 16:06:43	1	0	1	0
      262	2023-11-16 16:07:22	1	0	1	0
      270	2023-11-16 16:09:09	1	0	1	0
      214	2023-11-16 16:10:17	1	0	1	0
      211	2023-11-16 16:30:11	1	0	1	0
      205	2023-11-16 16:30:20	1	0	1	0
      205	2023-11-16 16:30:21	1	0	1	0
      207	2023-11-17 05:53:56	1	0	1	0
      206	2023-11-17 05:57:22	1	0	1	0
      224	2023-11-17 05:57:47	1	0	1	0
      239	2023-11-17 06:34:33	1	0	1	0
      208	2023-11-17 06:46:07	1	0	1	0
      208	2023-11-17 06:46:13	1	0	1	0
      279	2023-11-17 07:15:14	1	0	1	0
      216	2023-11-17 07:22:29	1	0	15	0
      280	2023-11-17 07:33:57	1	0	1	0
      267	2023-11-17 07:34:07	1	0	1	0
      236	2023-11-17 07:39:45	1	0	1	0
      264	2023-11-17 07:39:51	1	0	1	0
      265	2023-11-17 07:40:09	1	0	1	0
      265	2023-11-17 07:40:11	1	0	1	0
      281	2023-11-17 07:43:58	1	0	1	0
      237	2023-11-17 07:44:57	1	0	1	0
      262	2023-11-17 07:45:12	1	0	1	0
      221	2023-11-17 07:45:56	1	0	1	0
      241	2023-11-17 07:47:51	1	0	1	0
      238	2023-11-17 07:49:42	1	0	1	0
      273	2023-11-17 07:54:35	1	0	1	0
      242	2023-11-17 07:54:45	1	0	1	0
      274	2023-11-17 07:54:50	1	0	1	0
      269	2023-11-17 07:54:53	1	0	1	0
      277	2023-11-17 07:55:01	1	0	1	0
      268	2023-11-17 07:55:07	1	0	1	0
      214	2023-11-17 07:55:32	1	0	1	0
      243	2023-11-17 07:55:39	1	0	1	0
      245	2023-11-17 07:55:45	1	0	1	0
      256	2023-11-17 07:56:03	1	0	1	0
      246	2023-11-17 07:57:01	1	0	1	0
      263	2023-11-17 07:57:15	1	0	1	0
      220	2023-11-17 07:57:23	1	0	1	0
      259	2023-11-17 07:59:46	1	0	1	0
      248	2023-11-17 08:00:06	1	0	1	0
      271	2023-11-17 08:03:22	1	0	1	0
      219	2023-11-17 08:04:16	1	0	1	0
      234	2023-11-17 08:08:02	1	0	1	0
      266	2023-11-17 08:08:53	1	0	1	0
      232	2023-11-17 08:08:57	1	0	1	0
      244	2023-11-17 08:13:40	1	0	1	0
      275	2023-11-17 08:15:32	1	0	1	0
      254	2023-11-17 08:17:48	1	0	1	0
      233	2023-11-17 08:19:34	1	0	1	0
      252	2023-11-17 08:21:56	1	0	1	0
      270	2023-11-17 08:23:44	1	0	1	0
      205	2023-11-17 08:26:14	1	0	1	0
      205	2023-11-17 08:26:15	1	0	1	0
      211	2023-11-17 08:26:44	1	0	1	0
      223	2023-11-17 08:36:50	1	0	1	0
      261	2023-11-17 08:38:31	1	0	1	0
      222	2023-11-17 08:51:17	1	0	1	0
      235	2023-11-17 08:57:08	1	0	1	0
      278	2023-11-17 09:02:55	1	0	1	0
      228	2023-11-17 09:12:28	1	0	1	0
      225	2023-11-17 09:12:37	1	0	1	0
      284	2023-11-17 09:45:18	1	0	1	0
      285	2023-11-17 09:47:01	1	0	1	0
      279	2023-11-17 11:50:02	1	0	1	0
      273	2023-11-17 11:57:29	1	0	1	0
      252	2023-11-17 12:15:11	1	0	1	0
      262	2023-11-17 12:24:52	1	0	1	0
      268	2023-11-17 12:34:54	1	0	1	0
      234	2023-11-17 13:11:41	1	0	1	0
      208	2023-11-17 13:33:49	1	0	1	0
      224	2023-11-17 14:02:30	1	0	1	0
      207	2023-11-17 14:02:33	1	0	1	0
      206	2023-11-17 14:02:38	1	0	1	0
      219	2023-11-17 14:16:25	1	0	1	0
      229	2023-11-17 14:29:12	1	0	1	0
      242	2023-11-17 14:33:29	1	0	1	0
      277	2023-11-17 14:38:44	1	0	1	0
      281	2023-11-17 15:15:57	1	0	1	0
      269	2023-11-17 15:18:17	1	0	1	0
      248	2023-11-17 15:25:34	1	0	1	0
      246	2023-11-17 15:28:01	1	0	1	0
      254	2023-11-17 15:28:06	1	0	1	0
      261	2023-11-17 15:33:56	1	0	1	0
      241	2023-11-17 15:34:03	1	0	1	0
      259	2023-11-17 15:36:13	1	0	1	0
      247	2023-11-17 15:40:52	1	0	1	0
      222	2023-11-17 15:42:27	1	0	1	0
      232	2023-11-17 15:42:31	1	0	1	0
      216	2023-11-17 15:44:01	1	0	15	0
      216	2023-11-17 15:44:03	1	0	15	0
      235	2023-11-17 15:45:01	1	0	1	0
      256	2023-11-17 15:45:44	1	0	1	0
      285	2023-11-17 15:47:54	1	0	1	0
      237	2023-11-17 15:50:59	1	0	1	0
      225	2023-11-17 15:51:51	1	0	1	0
      228	2023-11-17 15:51:58	1	0	1	0
      245	2023-11-17 15:55:59	1	0	1	0
      220	2023-11-17 15:57:11	1	0	1	0
      264	2023-11-17 15:57:35	1	0	1	0
      265	2023-11-17 15:57:45	1	0	1	0
      236	2023-11-17 15:58:06	1	0	1	0
      270	2023-11-17 16:00:06	1	0	1	0
      271	2023-11-17 16:00:25	1	0	1	0
      275	2023-11-17 16:00:36	1	0	1	0
      278	2023-11-17 16:00:40	1	0	1	0
      280	2023-11-17 16:00:49	1	0	1	0
      280	2023-11-17 16:00:51	1	0	1	0
      267	2023-11-17 16:00:52	1	0	1	0
      280	2023-11-17 16:00:58	1	0	1	0
      284	2023-11-17 16:01:00	1	0	1	0
      243	2023-11-17 16:01:03	1	0	1	0
      266	2023-11-17 16:01:10	1	0	1	0
      233	2023-11-17 16:01:14	1	0	1	0
      274	2023-11-17 16:01:44	1	0	1	0
      263	2023-11-17 16:03:36	1	0	1	0
      214	2023-11-17 16:03:38	1	0	1	0
      211	2023-11-17 16:06:43	1	0	1	0
      223	2023-11-17 16:10:26	1	0	1	0
      205	2023-11-17 16:13:15	1	0	1	0
      239	2023-11-17 17:09:07	1	0	1	0
      239	2023-11-18 06:44:21	1	0	1	0
      245	2023-11-18 07:46:46	1	0	1	0
      237	2023-11-18 07:47:11	1	0	1	0
      247	2023-11-18 07:53:50	1	0	1	0
      258	2023-11-18 09:09:34	1	0	1	0
      258	2023-11-18 14:54:59	1	0	1	0
      257	2023-11-18 15:35:01	1	0	1	0
      240	2023-11-18 15:51:52	1	0	15	0
      240	2023-11-18 15:51:54	1	0	15	0
      245	2023-11-18 16:01:16	1	0	1	0
      257	2023-11-19 07:42:20	1	0	1	0
      240	2023-11-19 07:42:33	1	0	15	0
      215	2023-11-19 07:42:43	1	0	1	0
      245	2023-11-19 07:51:17	1	0	1	0
      240	2023-11-19 15:42:58	1	0	15	0
      215	2023-11-19 15:44:00	1	0	1	0
      245	2023-11-19 15:44:31	1	0	1	0
      247	2023-11-19 15:50:11	1	0	1	0
      207	2023-11-20 05:54:39	1	0	1	0
      206	2023-11-20 05:57:22	1	0	1	0
      208	2023-11-20 06:49:33	1	0	1	0
      209	2023-11-20 06:56:31	1	0	1	0
      279	2023-11-20 07:18:53	1	0	1	0
      216	2023-11-20 07:33:38	1	0	15	0
      267	2023-11-20 07:39:19	1	0	1	0
      236	2023-11-20 07:40:39	1	0	1	0
      264	2023-11-20 07:40:45	1	0	1	0
      265	2023-11-20 07:40:50	1	0	1	0
      280	2023-11-20 07:42:00	1	0	1	0
      215	2023-11-20 07:42:07	1	0	1	0
      240	2023-11-20 07:42:22	1	0	1	0
      281	2023-11-20 07:43:47	1	0	1	0
      238	2023-11-20 07:44:23	1	0	1	0
      237	2023-11-20 07:45:15	1	0	1	0
      262	2023-11-20 07:46:58	1	0	1	0
      260	2023-11-20 07:48:02	1	0	1	0
      241	2023-11-20 07:48:52	1	0	1	0
      285	2023-11-20 07:48:57	1	0	1	0
      247	2023-11-20 07:49:45	1	0	1	0
      221	2023-11-20 07:53:05	1	0	1	0
      243	2023-11-20 07:55:40	1	0	1	0
      284	2023-11-20 07:57:43	1	0	1	0
      220	2023-11-20 07:57:49	1	0	1	0
      268	2023-11-20 07:58:28	1	0	1	0
      277	2023-11-20 07:58:32	1	0	1	0
      258	2023-11-20 07:58:58	1	0	1	0
      263	2023-11-20 07:59:52	1	0	1	0
      269	2023-11-20 08:00:37	1	0	1	0
      255	2023-11-20 08:00:44	1	0	1	0
      248	2023-11-20 08:00:50	1	0	1	0
      259	2023-11-20 08:00:59	1	0	1	0
      273	2023-11-20 08:01:15	1	0	1	0
      250	2023-11-20 08:02:58	1	0	1	0
      274	2023-11-20 08:03:01	1	0	1	0
      256	2023-11-20 08:03:08	1	0	1	0
      246	2023-11-20 08:05:11	1	0	1	0
      283	2023-11-20 08:05:56	1	0	1	0
      271	2023-11-20 08:07:19	1	0	1	0
      229	2023-11-20 08:16:23	1	0	1	0
      270	2023-11-20 08:18:41	1	0	1	0
      251	2023-11-20 08:22:59	1	0	1	0
      266	2023-11-20 08:23:10	1	0	1	0
      233	2023-11-20 08:23:53	1	0	1	0
      205	2023-11-20 08:25:06	1	0	1	0
      211	2023-11-20 08:26:12	1	0	1	0
      232	2023-11-20 08:26:31	1	0	1	0
      261	2023-11-20 08:32:21	1	0	1	0
      219	2023-11-20 08:32:32	1	0	1	0
      275	2023-11-20 08:37:54	1	0	1	0
      276	2023-11-20 08:37:58	1	0	1	0
      223	2023-11-20 08:45:04	1	0	1	0
      252	2023-11-20 08:58:16	1	0	1	0
      278	2023-11-20 08:58:59	1	0	1	0
      210	2023-11-20 09:27:06	1	0	1	0
      210	2023-11-20 09:27:07	1	0	1	0
      225	2023-11-20 09:27:45	1	0	1	0
      224	2023-11-20 09:28:05	1	0	1	0
      235	2023-11-20 09:37:13	1	0	1	0
      232	2023-11-20 10:10:22	1	0	1	0
      228	2023-11-20 10:27:56	1	0	1	0
      286	2023-11-20 12:49:29	1	0	15	0
      286	2023-11-20 12:49:31	1	0	15	0
      286	2023-11-20 12:49:41	1	0	1	0
      286	2023-11-20 12:49:43	1	0	15	0
      279	2023-11-20 13:11:20	1	0	1	0
      283	2023-11-20 13:25:31	1	0	1	0
      209	2023-11-20 13:45:33	1	0	1	0
      209	2023-11-20 13:50:36	1	0	1	0
      207	2023-11-20 14:02:57	1	0	1	0
      206	2023-11-20 14:03:03	1	0	1	0
      208	2023-11-20 14:12:13	1	0	1	0
      208	2023-11-20 14:12:19	1	0	1	0
      235	2023-11-20 14:42:25	1	0	1	0
      225	2023-11-20 15:05:03	1	0	1	0
      228	2023-11-20 15:05:10	1	0	1	0
      229	2023-11-20 15:05:52	1	0	1	0
      275	2023-11-20 15:16:25	1	0	1	0
      278	2023-11-20 15:16:42	1	0	1	0
      276	2023-11-20 15:18:52	1	0	1	0
      268	2023-11-20 15:24:18	1	0	1	0
      273	2023-11-20 15:25:58	1	0	1	0
      277	2023-11-20 15:26:03	1	0	1	0
      274	2023-11-20 15:26:22	1	0	1	0
      256	2023-11-20 15:26:30	1	0	1	0
      269	2023-11-20 15:26:36	1	0	1	0
      233	2023-11-20 15:28:41	1	0	1	0
      271	2023-11-20 15:30:41	1	0	1	0
      266	2023-11-20 15:30:57	1	0	1	0
      219	2023-11-20 15:34:38	1	0	1	0
      260	2023-11-20 15:37:25	1	0	1	0
      252	2023-11-20 15:37:44	1	0	1	0
      240	2023-11-20 15:38:54	1	0	15	0
      237	2023-11-20 15:39:06	1	0	1	0
      255	2023-11-20 15:39:14	1	0	1	0
      257	2023-11-20 15:39:30	1	0	1	0
      216	2023-11-20 15:39:55	1	0	15	0
      216	2023-11-20 15:39:57	1	0	15	0
      251	2023-11-20 15:42:17	1	0	1	0
      246	2023-11-20 15:43:51	1	0	1	0
      261	2023-11-20 15:43:58	1	0	1	0
      267	2023-11-20 15:45:16	1	0	1	0
      241	2023-11-20 15:50:56	1	0	15	0
      248	2023-11-20 15:52:29	1	0	1	0
      238	2023-11-20 15:52:41	1	0	1	0
      238	2023-11-20 15:52:42	1	0	1	0
      215	2023-11-20 15:54:18	1	0	1	0
      258	2023-11-20 15:56:35	1	0	1	0
      281	2023-11-20 15:56:39	1	0	1	0
      285	2023-11-20 15:56:49	1	0	1	0
      205	2023-11-20 15:57:01	1	0	1	0
      211	2023-11-20 15:57:07	1	0	1	0
      265	2023-11-20 15:57:15	1	0	1	0
      264	2023-11-20 15:57:20	1	0	1	0
      236	2023-11-20 15:57:23	1	0	1	0
      263	2023-11-20 15:57:26	1	0	1	0
      284	2023-11-20 15:58:00	1	0	1	0
      220	2023-11-20 16:01:52	1	0	1	0
      262	2023-11-20 16:05:00	1	0	1	0
      270	2023-11-20 16:05:20	1	0	1	0
      223	2023-11-20 16:06:38	1	0	1	0
      244	2023-11-20 16:09:31	1	0	1	0
      224	2023-11-21 05:39:02	1	0	1	0
      207	2023-11-21 05:54:06	1	0	1	0
      206	2023-11-21 05:59:43	1	0	1	0
      208	2023-11-21 06:50:11	1	0	1	0
      209	2023-11-21 07:01:12	1	0	1	0
      279	2023-11-21 07:17:22	1	0	1	0
      210	2023-11-21 07:21:57	1	0	1	0
      216	2023-11-21 07:25:49	1	0	15	0
      267	2023-11-21 07:34:38	1	0	1	0
      260	2023-11-21 07:38:37	1	0	1	0
      240	2023-11-21 07:40:06	1	0	1	0
      280	2023-11-21 07:40:52	1	0	1	0
      215	2023-11-21 07:41:06	1	0	1	0
      219	2023-11-21 07:41:14	1	0	1	0
      281	2023-11-21 07:42:16	1	0	1	0
      264	2023-11-21 07:44:06	1	0	1	0
      236	2023-11-21 07:44:09	1	0	1	0
      237	2023-11-21 07:44:18	1	0	1	0
      238	2023-11-21 07:44:47	1	0	1	0
      265	2023-11-21 07:44:52	1	0	1	0
      257	2023-11-21 07:45:09	1	0	1	0
      262	2023-11-21 07:48:52	1	0	1	0
      241	2023-11-21 07:51:54	1	0	1	0
      284	2023-11-21 07:52:47	1	0	1	0
      246	2023-11-21 07:54:12	1	0	1	0
      220	2023-11-21 07:56:17	1	0	1	0
      277	2023-11-21 07:57:28	1	0	1	0
      243	2023-11-21 07:57:35	1	0	1	0
      268	2023-11-21 07:57:49	1	0	1	0
      242	2023-11-21 07:57:54	1	0	1	0
      263	2023-11-21 07:58:42	1	0	1	0
      269	2023-11-21 07:59:03	1	0	1	0
      271	2023-11-21 07:59:17	1	0	1	0
      274	2023-11-21 07:59:32	1	0	1	0
      258	2023-11-21 07:59:55	1	0	1	0
      273	2023-11-21 08:00:22	1	0	1	0
      285	2023-11-21 08:00:35	1	0	1	0
      256	2023-11-21 08:00:45	1	0	1	0
      250	2023-11-21 08:00:50	1	0	1	0
      259	2023-11-21 08:02:10	1	0	1	0
      248	2023-11-21 08:02:16	1	0	1	0
      251	2023-11-21 08:07:48	1	0	1	0
      255	2023-11-21 08:09:16	1	0	1	0
      255	2023-11-21 08:09:18	1	0	15	0
      244	2023-11-21 08:11:14	1	0	1	0
      205	2023-11-21 08:14:52	1	0	1	0
      205	2023-11-21 08:14:54	1	0	1	0
      211	2023-11-21 08:15:00	1	0	1	0
      254	2023-11-21 08:15:12	1	0	1	0
      234	2023-11-21 08:17:12	1	0	1	0
      270	2023-11-21 08:19:53	1	0	1	0
      266	2023-11-21 08:20:11	1	0	1	0
      232	2023-11-21 08:25:29	1	0	1	0
      233	2023-11-21 08:26:20	1	0	1	0
      222	2023-11-21 08:36:20	1	0	1	0
      276	2023-11-21 08:37:50	1	0	1	0
      275	2023-11-21 08:37:55	1	0	1	0
      286	2023-11-21 08:38:01	1	0	1	0
      261	2023-11-21 08:51:37	1	0	1	0
      278	2023-11-21 08:51:50	1	0	1	0
      229	2023-11-21 08:55:33	1	0	1	0
      228	2023-11-21 09:03:08	1	0	1	0
      225	2023-11-21 09:03:22	1	0	1	0
      252	2023-11-21 09:03:37	1	0	1	0
      283	2023-11-21 09:41:15	1	0	1	0
      279	2023-11-21 13:09:08	1	0	1	0
      209	2023-11-21 13:57:33	1	0	1	0
      206	2023-11-21 14:00:18	1	0	1	0
      224	2023-11-21 14:00:44	1	0	1	0
      207	2023-11-21 14:00:56	1	0	1	0
      208	2023-11-21 14:08:11	1	0	1	0
      234	2023-11-21 14:28:44	1	0	1	0
      286	2023-11-21 14:58:24	1	0	1	0
      283	2023-11-21 15:01:37	1	0	1	0
      260	2023-11-21 15:11:08	1	0	1	0
      255	2023-11-21 15:11:43	1	0	1	0
      252	2023-11-21 15:13:06	1	0	1	0
      277	2023-11-21 15:17:43	1	0	1	0
      229	2023-11-21 15:18:23	1	0	1	0
      268	2023-11-21 15:20:47	1	0	1	0
      256	2023-11-21 15:24:52	1	0	1	0
      269	2023-11-21 15:25:20	1	0	1	0
      274	2023-11-21 15:25:27	1	0	1	0
      273	2023-11-21 15:25:39	1	0	1	0
      266	2023-11-21 15:26:26	1	0	1	0
      276	2023-11-21 15:33:31	1	0	1	0
      248	2023-11-21 15:36:51	1	0	1	0
      259	2023-11-21 15:37:37	1	0	1	0
      275	2023-11-21 15:40:27	1	0	1	0
      225	2023-11-21 15:41:44	1	0	1	0
      228	2023-11-21 15:41:51	1	0	1	0
      216	2023-11-21 15:45:59	1	0	15	0
      238	2023-11-21 15:46:48	1	0	1	0
      239	2023-11-21 15:47:02	1	0	1	0
      219	2023-11-21 15:47:08	1	0	1	0
      246	2023-11-21 15:50:00	1	0	1	0
      254	2023-11-21 15:50:04	1	0	1	0
      278	2023-11-21 15:50:38	1	0	1	0
      267	2023-11-21 15:50:43	1	0	1	0
      231	2023-11-21 15:50:58	1	0	1	0
      247	2023-11-21 15:52:07	1	0	1	0
      237	2023-11-21 15:54:14	1	0	1	0
      251	2023-11-21 15:55:11	1	0	1	0
      251	2023-11-21 15:55:13	1	0	1	0
      242	2023-11-21 15:55:19	1	0	1	0
      258	2023-11-21 15:55:51	1	0	1	0
      281	2023-11-21 15:55:55	1	0	1	0
      241	2023-11-21 15:56:05	1	0	1	0
      220	2023-11-21 15:56:12	1	0	1	0
      262	2023-11-21 15:57:02	1	0	1	0
      215	2023-11-21 15:57:53	1	0	1	0
      265	2023-11-21 15:57:59	1	0	1	0
      280	2023-11-21 15:58:02	1	0	1	0
      264	2023-11-21 15:58:06	1	0	1	0
      236	2023-11-21 15:58:09	1	0	1	0
      233	2023-11-21 15:58:27	1	0	1	0
      232	2023-11-21 15:59:04	1	0	1	0
      222	2023-11-21 15:59:15	1	0	1	0
      285	2023-11-21 15:59:35	1	0	1	0
      285	2023-11-21 15:59:55	1	0	1	0
      271	2023-11-21 16:00:26	1	0	1	0
      205	2023-11-21 16:04:51	1	0	1	0
      205	2023-11-21 16:04:53	1	0	1	0
      211	2023-11-21 16:05:00	1	0	1	0
      261	2023-11-21 16:05:07	1	0	1	0
      263	2023-11-21 16:05:19	1	0	1	0
      284	2023-11-21 16:05:34	1	0	1	0
      207	2023-11-22 05:53:17	1	0	1	0
      206	2023-11-22 05:58:03	1	0	1	0
      224	2023-11-22 05:59:48	1	0	1	0
      239	2023-11-22 06:32:42	1	0	1	0
      208	2023-11-22 06:51:57	1	0	1	0
      209	2023-11-22 07:02:39	1	0	1	0
      279	2023-11-22 07:24:18	1	0	1	0
      260	2023-11-22 07:38:00	1	0	1	0
      280	2023-11-22 07:39:44	1	0	1	0
      238	2023-11-22 07:40:04	1	0	1	0
      216	2023-11-22 07:40:10	1	0	15	0
      215	2023-11-22 07:40:17	1	0	1	0
      215	2023-11-22 07:40:20	1	0	1	0
      267	2023-11-22 07:43:08	1	0	1	0
      262	2023-11-22 07:43:32	1	0	1	0
      281	2023-11-22 07:45:27	1	0	1	0
      236	2023-11-22 07:46:27	1	0	1	0
      264	2023-11-22 07:46:35	1	0	1	0
      265	2023-11-22 07:47:02	1	0	1	0
      284	2023-11-22 07:47:41	1	0	1	0
      241	2023-11-22 07:48:43	1	0	1	0
      219	2023-11-22 07:49:37	1	0	1	0
      243	2023-11-22 07:51:24	1	0	1	0
      245	2023-11-22 07:52:10	1	0	1	0
      251	2023-11-22 07:53:20	1	0	1	0
      244	2023-11-22 07:53:31	1	0	1	0
      258	2023-11-22 07:53:43	1	0	1	0
      214	2023-11-22 07:58:36	1	0	1	0
      285	2023-11-22 07:59:51	1	0	1	0
      242	2023-11-22 08:03:15	1	0	1	0
      248	2023-11-22 08:03:48	1	0	1	0
      259	2023-11-22 08:03:59	1	0	1	0
      232	2023-11-22 08:06:54	1	0	1	0
      220	2023-11-22 08:07:47	1	0	1	0
      271	2023-11-22 08:08:05	1	0	1	0
      263	2023-11-22 08:08:54	1	0	1	0
      246	2023-11-22 08:09:04	1	0	1	0
      247	2023-11-22 08:09:08	1	0	1	0
      254	2023-11-22 08:11:09	1	0	1	0
      274	2023-11-22 08:13:41	1	0	1	0
      268	2023-11-22 08:13:53	1	0	1	0
      273	2023-11-22 08:14:36	1	0	1	0
      277	2023-11-22 08:14:47	1	0	1	0
      255	2023-11-22 08:14:55	1	0	1	0
      256	2023-11-22 08:15:53	1	0	1	0
      250	2023-11-22 08:16:07	1	0	1	0
      269	2023-11-22 08:17:18	1	0	1	0
      205	2023-11-22 08:23:30	1	0	1	0
      205	2023-11-22 08:23:31	1	0	1	0
      211	2023-11-22 08:24:32	1	0	1	0
      233	2023-11-22 08:28:26	1	0	1	0
      233	2023-11-22 08:28:28	1	0	1	0
      270	2023-11-22 08:29:34	1	0	1	0
      266	2023-11-22 08:31:28	1	0	1	0
      223	2023-11-22 08:31:48	1	0	1	0
      283	2023-11-22 08:33:53	1	0	1	0
      261	2023-11-22 08:35:47	1	0	1	0
      275	2023-11-22 08:36:06	1	0	1	0
      278	2023-11-22 08:36:22	1	0	1	0
      276	2023-11-22 08:36:38	1	0	1	0
      210	2023-11-22 08:45:01	1	0	1	0
      210	2023-11-22 08:45:06	1	0	1	0
      210	2023-11-22 08:45:07	1	0	1	0
      234	2023-11-22 08:58:34	1	0	1	0
      234	2023-11-22 08:58:35	1	0	1	0
      228	2023-11-22 09:02:51	1	0	1	0
      225	2023-11-22 09:03:09	1	0	1	0
      222	2023-11-22 09:05:32	1	0	1	0
      286	2023-11-22 09:13:18	1	0	1	0
      209	2023-11-22 10:36:42	1	0	1	0
      272	2023-11-22 11:42:07	1	0	1	0
      279	2023-11-22 13:15:25	1	0	1	0
      215	2023-11-22 13:57:23	1	0	1	0
      207	2023-11-22 14:02:12	1	0	1	0
      262	2023-11-22 14:07:26	1	0	1	0
      208	2023-11-22 14:09:32	1	0	1	0
      206	2023-11-22 14:13:25	1	0	1	0
      224	2023-11-22 14:26:21	1	0	1	0
      224	2023-11-22 14:26:54	1	0	1	0
      249	2023-11-22 14:28:26	1	0	15	0
      249	2023-11-22 14:28:39	1	0	15	0
      286	2023-11-22 14:58:53	1	0	1	0
      278	2023-11-22 15:05:26	1	0	1	0
      234	2023-11-22 15:06:15	1	0	1	0
      277	2023-11-22 15:20:32	1	0	1	0
      280	2023-11-22 15:21:40	1	0	1	0
      268	2023-11-22 15:21:55	1	0	1	0
      269	2023-11-22 15:21:59	1	0	1	0
      256	2023-11-22 15:23:33	1	0	1	0
      273	2023-11-22 15:27:15	1	0	1	0
      274	2023-11-22 15:27:19	1	0	1	0
      248	2023-11-22 15:29:42	1	0	1	0
      266	2023-11-22 15:30:51	1	0	1	0
      255	2023-11-22 15:32:43	1	0	1	0
      246	2023-11-22 15:33:27	1	0	1	0
      259	2023-11-22 15:34:09	1	0	1	0
      251	2023-11-22 15:35:33	1	0	1	0
      240	2023-11-22 15:36:40	1	0	1	0
      254	2023-11-22 15:36:54	1	0	1	0
      257	2023-11-22 15:43:53	1	0	1	0
      267	2023-11-22 15:43:59	1	0	1	0
      228	2023-11-22 15:45:41	1	0	1	0
      225	2023-11-22 15:45:59	1	0	1	0
      276	2023-11-22 15:46:05	1	0	1	0
      216	2023-11-22 15:46:10	1	0	15	0
      241	2023-11-22 15:50:20	1	0	1	0
      242	2023-11-22 15:50:44	1	0	1	0
      275	2023-11-22 15:50:56	1	0	1	0
      258	2023-11-22 15:52:40	1	0	1	0
      222	2023-11-22 15:54:07	1	0	1	0
      232	2023-11-22 15:54:58	1	0	1	0
      261	2023-11-22 15:55:22	1	0	1	0
      261	2023-11-22 15:55:24	1	0	1	0
      281	2023-11-22 15:55:33	1	0	1	0
      285	2023-11-22 15:55:42	1	0	1	0
      238	2023-11-22 15:56:08	1	0	1	0
      272	2023-11-22 15:56:32	1	0	1	0
      233	2023-11-22 15:56:46	1	0	1	0
      271	2023-11-22 15:57:33	1	0	1	0
      265	2023-11-22 15:58:03	1	0	1	0
      264	2023-11-22 15:58:06	1	0	1	0
      223	2023-11-22 15:58:13	1	0	1	0
      236	2023-11-22 15:58:15	1	0	1	0
      243	2023-11-22 15:59:41	1	0	1	0
      243	2023-11-22 15:59:43	1	0	1	0
      244	2023-11-22 16:00:24	1	0	1	0
      270	2023-11-22 16:00:38	1	0	1	0
      245	2023-11-22 16:00:53	1	0	1	0
      214	2023-11-22 16:02:38	1	0	1	0
      220	2023-11-22 16:06:58	1	0	1	0
      263	2023-11-22 16:07:58	1	0	1	0
      205	2023-11-22 16:12:48	1	0	1	0
      211	2023-11-22 16:12:50	1	0	1	0
      284	2023-11-22 16:13:03	1	0	1	0
      219	2023-11-22 17:38:19	1	0	1	0
      210	2023-11-22 20:20:15	1	0	1	0
      224	2023-11-23 05:47:08	1	0	1	0
      206	2023-11-23 05:48:24	1	0	1	0
      208	2023-11-23 06:45:36	1	0	1	0
      209	2023-11-23 06:49:25	1	0	1	0
      279	2023-11-23 06:59:53	1	0	1	0
      210	2023-11-23 07:25:27	1	0	1	0
      216	2023-11-23 07:34:24	1	0	15	0
      280	2023-11-23 07:40:49	1	0	1	0
      215	2023-11-23 07:41:10	1	0	1	0
      240	2023-11-23 07:42:03	1	0	15	0
      281	2023-11-23 07:43:19	1	0	1	0
      257	2023-11-23 07:44:30	1	0	1	0
      265	2023-11-23 07:45:38	1	0	1	0
      236	2023-11-23 07:45:40	1	0	1	0
      264	2023-11-23 07:45:47	1	0	1	0
      267	2023-11-23 07:53:28	1	0	1	0
      262	2023-11-23 07:54:03	1	0	1	0
      284	2023-11-23 07:54:52	1	0	1	0
      241	2023-11-23 07:55:45	1	0	1	0
      244	2023-11-23 07:57:11	1	0	1	0
      242	2023-11-23 08:00:08	1	0	1	0
      220	2023-11-23 08:00:15	1	0	1	0
      263	2023-11-23 08:01:54	1	0	1	0
      246	2023-11-23 08:02:17	1	0	1	0
      258	2023-11-23 08:02:50	1	0	1	0
      214	2023-11-23 08:04:00	1	0	1	0
      243	2023-11-23 08:04:02	1	0	1	0
      259	2023-11-23 08:05:33	1	0	1	0
      248	2023-11-23 08:05:42	1	0	1	0
      238	2023-11-23 08:06:27	1	0	1	0
      260	2023-11-23 08:07:17	1	0	1	0
      255	2023-11-23 08:07:52	1	0	1	0
      219	2023-11-23 08:09:54	1	0	1	0
      271	2023-11-23 08:10:06	1	0	1	0
      245	2023-11-23 08:10:33	1	0	1	0
      285	2023-11-23 08:10:52	1	0	1	0
      254	2023-11-23 08:11:02	1	0	1	0
      251	2023-11-23 08:11:04	1	0	1	0
      268	2023-11-23 08:12:39	1	0	1	0
      277	2023-11-23 08:12:52	1	0	1	0
      270	2023-11-23 08:12:58	1	0	1	0
      232	2023-11-23 08:13:34	1	0	1	0
      269	2023-11-23 08:14:46	1	0	1	0
      273	2023-11-23 08:15:19	1	0	1	0
      283	2023-11-23 08:16:27	1	0	1	0
      274	2023-11-23 08:16:36	1	0	1	0
      250	2023-11-23 08:16:52	1	0	1	0
      256	2023-11-23 08:16:59	1	0	1	0
      249	2023-11-23 08:18:53	1	0	15	0
      249	2023-11-23 08:18:55	1	0	15	0
      233	2023-11-23 08:22:58	1	0	1	0
      233	2023-11-23 08:22:59	1	0	1	0
      266	2023-11-23 08:28:17	1	0	1	0
      278	2023-11-23 08:35:44	1	0	1	0
      275	2023-11-23 08:40:24	1	0	1	0
      276	2023-11-23 08:40:28	1	0	1	0
      229	2023-11-23 08:41:42	1	0	1	0
      222	2023-11-23 08:44:00	1	0	1	0
      211	2023-11-23 08:44:33	1	0	1	0
      261	2023-11-23 08:44:56	1	0	1	0
      261	2023-11-23 08:44:58	1	0	1	0
      223	2023-11-23 08:47:49	1	0	1	0
      235	2023-11-23 09:04:14	1	0	1	0
      228	2023-11-23 09:05:58	1	0	1	0
      225	2023-11-23 09:06:41	1	0	1	0
      252	2023-11-23 09:16:13	1	0	1	0
      286	2023-11-23 09:32:28	1	0	1	0
      279	2023-11-23 13:14:07	1	0	1	0
      268	2023-11-23 13:22:44	1	0	1	0
      283	2023-11-23 13:28:11	1	0	1	0
      209	2023-11-23 13:53:37	1	0	1	0
      276	2023-11-23 13:59:13	1	0	1	0
      266	2023-11-23 14:05:26	1	0	1	0
      206	2023-11-23 14:07:07	1	0	1	0
      251	2023-11-23 14:12:53	1	0	1	0
      224	2023-11-23 14:19:15	1	0	1	0
      208	2023-11-23 14:21:20	1	0	1	0
      286	2023-11-23 14:53:57	1	0	1	0
      229	2023-11-23 15:10:24	1	0	1	0
      263	2023-11-23 15:13:54	1	0	1	0
      275	2023-11-23 15:20:26	1	0	1	0
      277	2023-11-23 15:21:03	1	0	1	0
      256	2023-11-23 15:23:39	1	0	1	0
      249	2023-11-23 15:23:47	1	0	15	0
      274	2023-11-23 15:24:16	1	0	1	0
      273	2023-11-23 15:25:30	1	0	1	0
      243	2023-11-23 15:25:54	1	0	1	0
      269	2023-11-23 15:26:46	1	0	1	0
      247	2023-11-23 15:32:33	1	0	1	0
      252	2023-11-23 15:34:22	1	0	1	0
      254	2023-11-23 15:34:39	1	0	1	0
      248	2023-11-23 15:34:55	1	0	1	0
      219	2023-11-23 15:40:14	1	0	1	0
      259	2023-11-23 15:40:56	1	0	1	0
      267	2023-11-23 15:43:10	1	0	1	0
      239	2023-11-23 15:43:48	1	0	15	0
      239	2023-11-23 15:43:50	1	0	1	0
      233	2023-11-23 15:49:20	1	0	15	0
      246	2023-11-23 15:49:42	1	0	1	0
      255	2023-11-23 15:51:04	1	0	15	0
      255	2023-11-23 15:51:07	1	0	15	0
      258	2023-11-23 15:51:14	1	0	1	0
      215	2023-11-23 15:51:58	1	0	1	0
      280	2023-11-23 15:52:43	1	0	1	0
      241	2023-11-23 15:53:09	1	0	15	0
      242	2023-11-23 15:53:29	1	0	1	0
      244	2023-11-23 15:53:36	1	0	1	0
      210	2023-11-23 15:54:03	1	0	1	0
      271	2023-11-23 15:54:06	1	0	1	0
      225	2023-11-23 15:55:25	1	0	1	0
      228	2023-11-23 15:55:28	1	0	1	0
      260	2023-11-23 15:55:44	1	0	1	0
      281	2023-11-23 15:56:01	1	0	1	0
      285	2023-11-23 15:56:05	1	0	1	0
      216	2023-11-23 15:56:44	1	0	15	0
      261	2023-11-23 15:57:00	1	0	1	0
      278	2023-11-23 15:57:21	1	0	1	0
      264	2023-11-23 15:59:00	1	0	1	0
      265	2023-11-23 15:59:05	1	0	1	0
      236	2023-11-23 15:59:16	1	0	1	0
      262	2023-11-23 15:59:22	1	0	1	0
      232	2023-11-23 15:59:36	1	0	1	0
      284	2023-11-23 16:02:01	1	0	1	0
      245	2023-11-23 16:02:58	1	0	1	0
      222	2023-11-23 16:03:14	1	0	1	0
      220	2023-11-23 16:05:57	1	0	1	0
      235	2023-11-23 16:07:07	1	0	1	0
      223	2023-11-23 16:08:02	1	0	1	0
      214	2023-11-23 16:17:17	1	0	1	0
      270	2023-11-23 16:19:47	1	0	1	0
      224	2023-11-24 05:38:17	1	0	1	0
      206	2023-11-24 05:51:20	1	0	1	0
      239	2023-11-24 06:39:11	1	0	1	0
      209	2023-11-24 06:55:46	1	0	1	0
      279	2023-11-24 06:59:14	1	0	1	0
      280	2023-11-24 07:39:48	1	0	1	0
      280	2023-11-24 07:39:50	1	0	1	0
      216	2023-11-24 07:40:28	1	0	15	0
      215	2023-11-24 07:40:34	1	0	1	0
      267	2023-11-24 07:41:07	1	0	1	0
      237	2023-11-24 07:41:28	1	0	1	0
      264	2023-11-24 07:44:36	1	0	1	0
      236	2023-11-24 07:44:44	1	0	1	0
      247	2023-11-24 07:44:47	1	0	1	0
      265	2023-11-24 07:44:58	1	0	1	0
      281	2023-11-24 07:45:24	1	0	1	0
      244	2023-11-24 07:49:12	1	0	1	0
      284	2023-11-24 07:53:20	1	0	1	0
      262	2023-11-24 07:54:21	1	0	1	0
      241	2023-11-24 07:56:10	1	0	1	0
      285	2023-11-24 08:00:24	1	0	1	0
      243	2023-11-24 08:02:06	1	0	1	0
      259	2023-11-24 08:02:12	1	0	1	0
      214	2023-11-24 08:02:22	1	0	1	0
      263	2023-11-24 08:05:27	1	0	1	0
      220	2023-11-24 08:08:42	1	0	1	0
      255	2023-11-24 08:10:19	1	0	1	0
      232	2023-11-24 08:11:01	1	0	1	0
      272	2023-11-24 08:11:07	1	0	1	0
      260	2023-11-24 08:11:17	1	0	1	0
      246	2023-11-24 08:11:25	1	0	1	0
      270	2023-11-24 08:13:04	1	0	1	0
      268	2023-11-24 08:14:32	1	0	1	0
      269	2023-11-24 08:14:35	1	0	1	0
      277	2023-11-24 08:14:52	1	0	1	0
      249	2023-11-24 08:16:56	1	0	15	0
      273	2023-11-24 08:17:15	1	0	1	0
      274	2023-11-24 08:17:24	1	0	1	0
      250	2023-11-24 08:17:39	1	0	1	0
      283	2023-11-24 08:17:44	1	0	1	0
      205	2023-11-24 08:20:13	1	0	1	0
      205	2023-11-24 08:20:14	1	0	1	0
      211	2023-11-24 08:20:37	1	0	1	0
      271	2023-11-24 08:20:48	1	0	1	0
      266	2023-11-24 08:20:53	1	0	1	0
      234	2023-11-24 08:26:11	1	0	1	0
      251	2023-11-24 08:26:15	1	0	1	0
      254	2023-11-24 08:26:18	1	0	1	0
      275	2023-11-24 08:29:20	1	0	1	0
      261	2023-11-24 08:30:03	1	0	1	0
      276	2023-11-24 08:30:07	1	0	1	0
      229	2023-11-24 08:36:33	1	0	1	0
      278	2023-11-24 08:40:29	1	0	1	0
      223	2023-11-24 08:55:27	1	0	1	0
      252	2023-11-24 08:58:12	1	0	1	0
      222	2023-11-24 09:01:45	1	0	1	0
      228	2023-11-24 09:04:06	1	0	1	0
      225	2023-11-24 09:04:19	1	0	1	0
      286	2023-11-24 09:08:49	1	0	1	0
      286	2023-11-24 11:51:37	1	0	1	0
      279	2023-11-24 11:54:13	1	0	1	0
      276	2023-11-24 11:56:53	1	0	1	0
      268	2023-11-24 11:58:17	1	0	1	0
      234	2023-11-24 12:24:24	1	0	1	0
      229	2023-11-24 12:33:03	1	0	1	0
      275	2023-11-24 12:51:59	1	0	1	0
      272	2023-11-24 13:08:13	1	0	1	0
      283	2023-11-24 13:54:32	1	0	1	0
      269	2023-11-24 14:00:27	1	0	1	0
      277	2023-11-24 14:09:25	1	0	1	0
      224	2023-11-24 14:14:16	1	0	1	0
      206	2023-11-24 14:14:21	1	0	1	0
      267	2023-11-24 14:42:23	1	0	1	0
      232	2023-11-24 15:02:43	1	0	1	0
      278	2023-11-24 15:06:22	1	0	1	0
      274	2023-11-24 15:12:34	1	0	1	0
      222	2023-11-24 15:14:04	1	0	1	0
      263	2023-11-24 15:25:10	1	0	1	0
      220	2023-11-24 15:30:37	1	0	1	0
      214	2023-11-24 15:30:39	1	0	1	0
      266	2023-11-24 15:32:42	1	0	1	0
      266	2023-11-24 15:32:44	1	0	1	0
      257	2023-11-24 15:32:48	1	0	1	0
      240	2023-11-24 15:33:01	1	0	1	0
      243	2023-11-24 15:33:06	1	0	1	0
      252	2023-11-24 15:33:19	1	0	1	0
      251	2023-11-24 15:33:21	1	0	1	0
      254	2023-11-24 15:33:34	1	0	1	0
      246	2023-11-24 15:33:38	1	0	1	0
      237	2023-11-24 15:33:55	1	0	15	0
      241	2023-11-24 15:34:01	1	0	15	0
      241	2023-11-24 15:34:03	1	0	15	0
      260	2023-11-24 15:34:23	1	0	1	0
      216	2023-11-24 15:34:28	1	0	15	0
      255	2023-11-24 15:34:34	1	0	1	0
      223	2023-11-24 15:36:37	1	0	1	0
      228	2023-11-24 15:43:27	1	0	1	0
      225	2023-11-24 15:44:59	1	0	1	0
      271	2023-11-24 15:45:24	1	0	1	0
      284	2023-11-24 15:45:29	1	0	1	0
      261	2023-11-24 15:45:35	1	0	1	0
      264	2023-11-24 15:46:26	1	0	1	0
      236	2023-11-24 15:46:29	1	0	1	0
      265	2023-11-24 15:46:33	1	0	1	0
      215	2023-11-24 15:46:39	1	0	1	0
      262	2023-11-24 15:54:07	1	0	1	0
      205	2023-11-24 16:32:06	1	0	1	0
      211	2023-11-24 16:39:30	1	0	1	0
      257	2023-11-25 07:40:59	1	0	1	0
      237	2023-11-25 07:41:15	1	0	1	0
      240	2023-11-25 07:41:22	1	0	1	0
      245	2023-11-25 07:58:05	1	0	1	0
      247	2023-11-25 15:41:11	1	0	1	0
      245	2023-11-25 15:49:10	1	0	1	0
      239	2023-11-25 15:49:53	1	0	15	0
      239	2023-11-25 15:49:55	1	0	1	0
      239	2023-11-26 06:50:30	1	0	1	0
      239	2023-11-26 06:50:31	1	0	15	0
      238	2023-11-26 07:44:17	1	0	1	0
      247	2023-11-26 07:44:27	1	0	1	0
      245	2023-11-26 07:55:37	1	0	1	0
      258	2023-11-26 08:52:42	1	0	1	0
      258	2023-11-26 15:29:59	1	0	1	0
      257	2023-11-26 15:31:11	1	0	1	0
      240	2023-11-26 15:46:31	1	0	15	0
      238	2023-11-26 15:47:33	1	0	1	0
      245	2023-11-26 15:51:56	1	0	1	0
      206	2023-11-27 05:46:56	1	0	1	0
      207	2023-11-27 05:51:01	1	0	1	0
      219	2023-11-27 08:00:51	1	0	1	0
      262	2023-11-27 08:00:59	1	0	1	0
      241	2023-11-27 08:01:05	1	0	1	0
      263	2023-11-27 08:01:12	1	0	1	0
      260	2023-11-27 08:01:18	1	0	1	0
      259	2023-11-27 08:02:58	1	0	1	0
      209	2023-11-27 08:03:11	1	0	1	0
      248	2023-11-27 08:03:17	1	0	1	0
      236	2023-11-27 08:03:32	1	0	1	0
      258	2023-11-27 08:04:27	1	0	1	0
      265	2023-11-27 08:05:38	1	0	1	0
      279	2023-11-27 08:05:55	1	0	1	0
      267	2023-11-27 08:06:17	1	0	1	0
      222	2023-11-27 08:07:32	1	0	1	0
      246	2023-11-27 08:07:45	1	0	1	0
      251	2023-11-27 08:07:49	1	0	1	0
      280	2023-11-27 08:07:53	1	0	1	0
      272	2023-11-27 08:07:59	1	0	1	0
      220	2023-11-27 08:10:53	1	0	1	0
      270	2023-11-27 08:11:32	1	0	1	0
      268	2023-11-27 08:14:22	1	0	1	0
      242	2023-11-27 08:15:04	1	0	1	0
      232	2023-11-27 08:15:26	1	0	1	0
      269	2023-11-27 08:15:57	1	0	1	0
      233	2023-11-27 08:16:24	1	0	1	0
      277	2023-11-27 08:17:05	1	0	1	0
      249	2023-11-27 08:17:33	1	0	15	0
      271	2023-11-27 08:17:40	1	0	1	0
      250	2023-11-27 08:18:10	1	0	1	0
      264	2023-11-27 08:18:52	1	0	1	0
      215	2023-11-27 08:20:20	1	0	1	0
      231	2023-11-27 08:20:40	1	0	1	0
      283	2023-11-27 08:22:18	1	0	1	0
      225	2023-11-27 08:26:30	1	0	1	0
      285	2023-11-27 08:27:22	1	0	1	0
      281	2023-11-27 08:27:25	1	0	1	0
      245	2023-11-27 08:27:34	1	0	1	0
      266	2023-11-27 08:28:00	1	0	1	0
      274	2023-11-27 08:33:43	1	0	1	0
      224	2023-11-27 08:33:55	1	0	1	0
      244	2023-11-27 08:34:38	1	0	1	0
      211	2023-11-27 08:36:35	1	0	1	0
      254	2023-11-27 08:40:05	1	0	1	0
      229	2023-11-27 08:46:02	1	0	1	0
      223	2023-11-27 08:47:15	1	0	1	0
      273	2023-11-27 08:55:33	1	0	1	0
      286	2023-11-27 09:26:15	1	0	1	0
      276	2023-11-27 09:31:11	1	0	1	0
      252	2023-11-27 09:31:16	1	0	1	0
      275	2023-11-27 09:31:21	1	0	1	0
      261	2023-11-27 09:31:27	1	0	1	0
      278	2023-11-27 09:31:40	1	0	1	0
      279	2023-11-27 13:16:18	1	0	1	0
      207	2023-11-27 14:02:26	1	0	1	0
      206	2023-11-27 14:10:31	1	0	1	0
      208	2023-11-27 14:13:17	1	0	1	0
      209	2023-11-27 14:18:25	1	0	1	0
      249	2023-11-27 15:24:12	1	0	15	0
      283	2023-11-27 15:24:29	1	0	1	0
      275	2023-11-27 15:26:31	1	0	1	0
      269	2023-11-27 15:28:16	1	0	1	0
      277	2023-11-27 15:28:33	1	0	1	0
      274	2023-11-27 15:29:02	1	0	1	0
      268	2023-11-27 15:29:19	1	0	1	0
      276	2023-11-27 15:29:25	1	0	1	0
      276	2023-11-27 15:29:27	1	0	1	0
      266	2023-11-27 15:32:22	1	0	1	0
      278	2023-11-27 15:32:30	1	0	1	0
      259	2023-11-27 15:32:39	1	0	1	0
      248	2023-11-27 15:32:57	1	0	1	0
      252	2023-11-27 15:35:08	1	0	1	0
      251	2023-11-27 15:35:12	1	0	1	0
      254	2023-11-27 15:43:08	1	0	1	0
      254	2023-11-27 15:43:10	1	0	1	0
      247	2023-11-27 15:43:43	1	0	1	0
      219	2023-11-27 15:44:16	1	0	1	0
      267	2023-11-27 15:45:34	1	0	1	0
      238	2023-11-27 15:45:45	1	0	1	0
      286	2023-11-27 15:46:09	1	0	1	0
      229	2023-11-27 15:46:47	1	0	1	0
      228	2023-11-27 15:47:16	1	0	1	0
      239	2023-11-27 15:47:25	1	0	1	0
      224	2023-11-27 15:47:29	1	0	1	0
      281	2023-11-27 15:47:48	1	0	1	0
      225	2023-11-27 15:48:16	1	0	1	0
      246	2023-11-27 15:50:12	1	0	1	0
      241	2023-11-27 15:50:18	1	0	15	0
      237	2023-11-27 15:50:29	1	0	1	0
      215	2023-11-27 15:53:09	1	0	1	0
      280	2023-11-27 15:53:14	1	0	1	0
      258	2023-11-27 15:55:15	1	0	1	0
      261	2023-11-27 15:55:22	1	0	1	0
      263	2023-11-27 15:55:30	1	0	1	0
      272	2023-11-27 15:55:42	1	0	1	0
      233	2023-11-27 15:55:51	1	0	1	0
      244	2023-11-27 15:57:54	1	0	1	0
      264	2023-11-27 15:58:32	1	0	1	0
      265	2023-11-27 15:58:36	1	0	1	0
      236	2023-11-27 15:58:41	1	0	1	0
      284	2023-11-27 15:58:44	1	0	1	0
      262	2023-11-27 15:59:27	1	0	1	0
      271	2023-11-27 16:00:48	1	0	1	0
      270	2023-11-27 16:00:52	1	0	1	0
      285	2023-11-27 16:06:05	1	0	1	0
      273	2023-11-27 16:11:15	1	0	1	0
      223	2023-11-27 16:14:43	1	0	1	0
      256	2023-11-27 16:42:30	1	0	1	0
      220	2023-11-27 17:22:43	1	0	1	0
      214	2023-11-27 17:27:06	1	0	1	0
      207	2023-11-28 05:47:57	1	0	1	0
      263	2023-11-28 08:06:18	1	0	1	0
      210	2023-11-28 08:06:27	1	0	1	0
      210	2023-11-28 08:06:28	1	0	1	0
      210	2023-11-28 08:06:30	1	0	1	0
      219	2023-11-28 08:06:42	1	0	1	0
      232	2023-11-28 08:06:44	1	0	1	0
      242	2023-11-28 08:06:50	1	0	1	0
      244	2023-11-28 08:06:56	1	0	1	0
      241	2023-11-28 08:07:01	1	0	1	0
      259	2023-11-28 08:07:21	1	0	1	0
      258	2023-11-28 08:08:32	1	0	1	0
      248	2023-11-28 08:08:39	1	0	1	0
      214	2023-11-28 08:08:58	1	0	1	0
      254	2023-11-28 08:11:15	1	0	1	0
      271	2023-11-28 08:11:36	1	0	1	0
      243	2023-11-28 08:11:41	1	0	1	0
      268	2023-11-28 08:14:10	1	0	1	0
      266	2023-11-28 08:24:38	1	0	1	0
      251	2023-11-28 08:26:58	1	0	1	0
      260	2023-11-28 08:27:15	1	0	1	0
      220	2023-11-28 08:27:20	1	0	1	0
      223	2023-11-28 08:29:05	1	0	1	0
      252	2023-11-28 08:30:15	1	0	1	0
      275	2023-11-28 08:33:57	1	0	1	0
      261	2023-11-28 08:34:03	1	0	1	0
      249	2023-11-28 08:34:21	1	0	15	0
      250	2023-11-28 08:34:36	1	0	1	0
      273	2023-11-28 08:35:23	1	0	1	0
      274	2023-11-28 08:35:48	1	0	1	0
      264	2023-11-28 08:43:54	1	0	1	0
      276	2023-11-28 08:50:27	1	0	1	0
      278	2023-11-28 09:05:34	1	0	1	0
      229	2023-11-28 09:06:05	1	0	1	0
      283	2023-11-28 09:06:18	1	0	1	0
      222	2023-11-28 09:07:05	1	0	1	0
      228	2023-11-28 09:12:37	1	0	1	0
      225	2023-11-28 09:12:48	1	0	1	0
      286	2023-11-28 09:15:09	1	0	1	0
      276	2023-11-28 13:07:19	1	0	1	0
      208	2023-11-28 13:11:48	1	0	1	0
      279	2023-11-28 13:18:34	1	0	1	0
      209	2023-11-28 13:55:39	1	0	1	0
      206	2023-11-28 14:04:35	1	0	1	0
      207	2023-11-28 14:05:17	1	0	1	0
      224	2023-11-28 14:08:36	1	0	1	0
      286	2023-11-28 14:21:38	1	0	1	0
      220	2023-11-28 15:03:57	1	0	1	0
      277	2023-11-28 15:22:14	1	0	1	0
      268	2023-11-28 15:22:55	1	0	1	0
      229	2023-11-28 15:24:39	1	0	1	0
      283	2023-11-28 15:25:53	1	0	1	0
      269	2023-11-28 15:26:01	1	0	1	0
      273	2023-11-28 15:26:54	1	0	1	0
      256	2023-11-28 15:27:11	1	0	1	0
      274	2023-11-28 15:27:40	1	0	1	0
      252	2023-11-28 15:27:48	1	0	1	0
      260	2023-11-28 15:28:25	1	0	1	0
      275	2023-11-28 15:29:10	1	0	1	0
      278	2023-11-28 15:29:17	1	0	1	0
      254	2023-11-28 15:32:19	1	0	1	0
      257	2023-11-28 15:32:31	1	0	1	0
      248	2023-11-28 15:32:41	1	0	1	0
      251	2023-11-28 15:33:57	1	0	1	0
      266	2023-11-28 15:35:13	1	0	1	0
      259	2023-11-28 15:37:46	1	0	1	0
      216	2023-11-28 15:37:54	1	0	15	0
      240	2023-11-28 15:39:36	1	0	15	0
      267	2023-11-28 15:40:52	1	0	1	0
      267	2023-11-28 15:40:56	1	0	1	0
      219	2023-11-28 15:42:24	1	0	1	0
      272	2023-11-28 15:43:02	1	0	1	0
      233	2023-11-28 15:43:09	1	0	1	0
      244	2023-11-28 15:48:49	1	0	1	0
      237	2023-11-28 15:49:18	1	0	1	0
      215	2023-11-28 15:50:06	1	0	1	0
      246	2023-11-28 15:51:24	1	0	1	0
      241	2023-11-28 15:51:35	1	0	1	0
      232	2023-11-28 15:52:35	1	0	1	0
      258	2023-11-28 15:52:46	1	0	1	0
      242	2023-11-28 15:52:50	1	0	1	0
      228	2023-11-28 15:53:11	1	0	1	0
      214	2023-11-28 15:53:18	1	0	1	0
      225	2023-11-28 15:54:18	1	0	1	0
      243	2023-11-28 15:54:24	1	0	1	0
      280	2023-11-28 15:56:49	1	0	1	0
      285	2023-11-28 15:57:13	1	0	1	0
      265	2023-11-28 15:57:43	1	0	1	0
      236	2023-11-28 15:57:45	1	0	1	0
      264	2023-11-28 15:57:51	1	0	1	0
      270	2023-11-28 15:58:29	1	0	1	0
      271	2023-11-28 15:59:08	1	0	1	0
      284	2023-11-28 15:59:22	1	0	1	0
      261	2023-11-28 15:59:39	1	0	1	0
      222	2023-11-28 16:01:10	1	0	1	0
      262	2023-11-28 16:01:34	1	0	1	0
      223	2023-11-28 16:07:44	1	0	1	0
      205	2023-11-28 16:13:00	1	0	1	0
      205	2023-11-28 16:13:01	1	0	1	0
      211	2023-11-28 16:13:06	1	0	1	0
      263	2023-11-28 16:15:46	1	0	1	0
      210	2023-11-28 16:17:47	1	0	1	0
      210	2023-11-28 16:17:48	1	0	1	0
      207	2023-11-29 05:59:59	1	0	1	0
      206	2023-11-29 06:00:07	1	0	1	0
      224	2023-11-29 06:00:28	1	0	1	0
      210	2023-11-29 07:22:06	1	0	1	0
      210	2023-11-29 07:22:08	1	0	1	0
      216	2023-11-29 07:22:47	1	0	15	0
      208	2023-11-29 07:23:00	1	0	1	0
      242	2023-11-29 07:44:47	1	0	1	0
      215	2023-11-29 07:45:27	1	0	1	0
      280	2023-11-29 07:45:56	1	0	1	0
      237	2023-11-29 07:47:39	1	0	1	0
      267	2023-11-29 07:49:42	1	0	1	0
      241	2023-11-29 07:49:47	1	0	1	0
      219	2023-11-29 07:49:57	1	0	1	0
      265	2023-11-29 07:50:12	1	0	1	0
      264	2023-11-29 07:50:16	1	0	1	0
      240	2023-11-29 07:50:39	1	0	1	0
      262	2023-11-29 07:51:04	1	0	1	0
      236	2023-11-29 07:51:16	1	0	1	0
      281	2023-11-29 07:54:50	1	0	1	0
      285	2023-11-29 07:55:48	1	0	1	0
      284	2023-11-29 07:55:54	1	0	1	0
      244	2023-11-29 07:59:11	1	0	1	0
      258	2023-11-29 07:59:26	1	0	1	0
      279	2023-11-29 08:01:17	1	0	1	0
      243	2023-11-29 08:02:06	1	0	1	0
      209	2023-11-29 08:02:21	1	0	1	0
      214	2023-11-29 08:02:24	1	0	1	0
      246	2023-11-29 08:07:18	1	0	1	0
      277	2023-11-29 08:10:20	1	0	1	0
      273	2023-11-29 08:10:33	1	0	1	0
      268	2023-11-29 08:10:37	1	0	1	0
      248	2023-11-29 08:11:11	1	0	1	0
      259	2023-11-29 08:11:22	1	0	1	0
      249	2023-11-29 08:12:23	1	0	15	0
      260	2023-11-29 08:12:33	1	0	1	0
      238	2023-11-29 08:12:41	1	0	15	0
      269	2023-11-29 08:13:23	1	0	1	0
      283	2023-11-29 08:13:37	1	0	1	0
      232	2023-11-29 08:13:45	1	0	1	0
      251	2023-11-29 08:16:22	1	0	1	0
      271	2023-11-29 08:17:12	1	0	1	0
      211	2023-11-29 08:17:22	1	0	1	0
      270	2023-11-29 08:17:56	1	0	1	0
      205	2023-11-29 08:18:33	1	0	1	0
      233	2023-11-29 08:18:41	1	0	1	0
      272	2023-11-29 08:18:47	1	0	1	0
      263	2023-11-29 08:26:54	1	0	1	0
      266	2023-11-29 08:28:15	1	0	1	0
      250	2023-11-29 08:32:10	1	0	1	0
      256	2023-11-29 08:34:13	1	0	1	0
      229	2023-11-29 08:42:17	1	0	1	0
      252	2023-11-29 08:45:25	1	0	1	0
      223	2023-11-29 08:47:47	1	0	1	0
      254	2023-11-29 08:48:25	1	0	1	0
      228	2023-11-29 09:05:13	1	0	1	0
      225	2023-11-29 09:05:20	1	0	1	0
      276	2023-11-29 09:09:43	1	0	1	0
      275	2023-11-29 09:09:51	1	0	1	0
      261	2023-11-29 09:10:16	1	0	1	0
      278	2023-11-29 09:10:33	1	0	1	0
      286	2023-11-29 09:31:22	1	0	1	0
      287	2023-11-29 11:07:16	1	0	1	0
      288	2023-11-29 11:09:14	1	0	1	0
      252	2023-11-29 12:10:01	1	0	1	0
      279	2023-11-29 13:17:50	1	0	1	0
      209	2023-11-29 13:58:25	1	0	1	0
      208	2023-11-29 14:01:28	1	0	1	0
      207	2023-11-29 14:01:54	1	0	1	0
      206	2023-11-29 14:02:02	1	0	1	0
      276	2023-11-29 15:03:43	1	0	1	0
      288	2023-11-29 15:19:36	1	0	1	0
      283	2023-11-29 15:20:50	1	0	1	0
      278	2023-11-29 15:21:17	1	0	1	0
      249	2023-11-29 15:22:27	1	0	15	0
      286	2023-11-29 15:24:19	1	0	1	0
      277	2023-11-29 15:24:31	1	0	1	0
      277	2023-11-29 15:24:33	1	0	1	0
      268	2023-11-29 15:25:18	1	0	1	0
      269	2023-11-29 15:25:20	1	0	1	0
      266	2023-11-29 15:27:02	1	0	1	0
      256	2023-11-29 15:28:18	1	0	1	0
      273	2023-11-29 15:29:01	1	0	1	0
      280	2023-11-29 15:29:20	1	0	1	0
      287	2023-11-29 15:29:27	1	0	1	0
      215	2023-11-29 15:31:28	1	0	1	0
      254	2023-11-29 15:33:37	1	0	1	0
      247	2023-11-29 15:34:16	1	0	1	0
      281	2023-11-29 15:36:03	1	0	1	0
      216	2023-11-29 15:40:50	1	0	15	0
      219	2023-11-29 15:41:17	1	0	1	0
      219	2023-11-29 15:41:19	1	0	1	0
      248	2023-11-29 15:41:29	1	0	1	0
      260	2023-11-29 15:41:46	1	0	1	0
      229	2023-11-29 15:42:12	1	0	1	0
      251	2023-11-29 15:43:25	1	0	1	0
      275	2023-11-29 15:43:53	1	0	1	0
      225	2023-11-29 15:44:29	1	0	1	0
      203	2023-11-29 15:44:42	1	0	15	0
      261	2023-11-29 15:44:56	1	0	1	0
      267	2023-11-29 15:46:16	1	0	1	0
      233	2023-11-29 15:48:36	1	0	1	0
      233	2023-11-29 15:48:38	1	0	1	0
      246	2023-11-29 15:51:24	1	0	1	0
      241	2023-11-29 15:51:52	1	0	1	0
      258	2023-11-29 15:52:23	1	0	1	0
      242	2023-11-29 15:53:16	1	0	1	0
      232	2023-11-29 15:54:00	1	0	1	0
      270	2023-11-29 15:58:26	1	0	1	0
      223	2023-11-29 15:59:29	1	0	1	0
      264	2023-11-29 16:00:16	1	0	1	0
      265	2023-11-29 16:00:19	1	0	1	0
      236	2023-11-29 16:00:24	1	0	1	0
      222	2023-11-29 16:02:30	1	0	1	0
      263	2023-11-29 16:03:25	1	0	1	0
      262	2023-11-29 16:05:40	1	0	1	0
      214	2023-11-29 16:08:46	1	0	1	0
      244	2023-11-29 16:10:25	1	0	1	0
      259	2023-11-29 16:10:52	1	0	1	0
      243	2023-11-29 16:13:07	1	0	1	0
      205	2023-11-29 16:19:09	1	0	1	0
      271	2023-11-29 16:19:20	1	0	1	0
      239	2023-11-29 16:45:01	1	0	15	0
      239	2023-11-29 16:45:03	1	0	1	0
      237	2023-11-29 16:50:15	1	0	1	0
      207	2023-11-30 05:49:15	1	0	1	0
      207	2023-11-30 05:52:55	1	0	1	0
      206	2023-11-30 05:52:59	1	0	1	0
      209	2023-11-30 07:08:16	1	0	1	0
      208	2023-11-30 07:08:39	1	0	1	0
      245	2023-11-30 07:27:58	1	0	1	0
      216	2023-11-30 07:29:20	1	0	15	0
      247	2023-11-30 07:40:42	1	0	1	0
      280	2023-11-30 07:42:44	1	0	1	0
      215	2023-11-30 07:43:48	1	0	1	0
      262	2023-11-30 07:47:12	1	0	1	0
      242	2023-11-30 07:47:47	1	0	1	0
      242	2023-11-30 07:47:49	1	0	1	0
      237	2023-11-30 07:49:57	1	0	1	0
      219	2023-11-30 07:50:34	1	0	1	0
      284	2023-11-30 07:51:15	1	0	1	0
      281	2023-11-30 07:51:39	1	0	1	0
      279	2023-11-30 07:54:47	1	0	1	0
      285	2023-11-30 07:56:45	1	0	1	0
      267	2023-11-30 07:57:17	1	0	1	0
      264	2023-11-30 07:58:15	1	0	1	0
      265	2023-11-30 07:58:27	1	0	1	0
      236	2023-11-30 07:58:57	1	0	1	0
      241	2023-11-30 08:00:46	1	0	1	0
      270	2023-11-30 08:00:59	1	0	1	0
      220	2023-11-30 08:03:34	1	0	1	0
      258	2023-11-30 08:03:38	1	0	1	0
      244	2023-11-30 08:05:27	1	0	1	0
